Coronary sub-network subnetD2Crop AFS 16/01/2014
420  241  250	box dimensions in microns
21   12   13     number of tissue points in x,y,z directions
10			outer bound distance
25			max. segment length
6			maximum number of segments per node
927			total number of segments
SegName	Type	Start Node	End Node	Diameter	Flow	Hd
1 5 147 733 4.980000 0.321198 0.400000
2 5 719 734 5.870000 -0.130388 0.400000
3 5 686 735 3.820000 0.045823 0.400000
4 5 524 736 5.600000 0.732588 0.400000
5 5 706 737 6.580000 2.533760 0.400000
6 5 110 738 6.130000 0.584218 0.400000
7 5 161 739 9.650000 -2.840614 0.400000
8 5 706 740 4.500000 0.229544 0.400000
9 5 506 741 4.760000 -0.423113 0.400000
10 5 515 742 4.860000 0.365493 0.400000
11 5 82 743 5.470000 -0.429005 0.400000
12 5 555 744 6.520000 -1.003194 0.400000
13 5 169 745 4.440000 0.192035 0.400000
14 5 611 746 6.040000 0.530061 0.400000
15 5 444 747 4.730000 0.297093 0.400000
16 5 444 748 3.960000 0.103724 0.400000
17 5 598 749 5.200000 -0.467722 0.400000
18 5 624 750 7.960000 2.238526 0.400000
19 5 102 751 15.310000 37.664433 0.400000
20 5 496 752 3.940000 -0.111954 0.400000
21 5 450 753 4.460000 -0.201696 0.400000
22 5 730 754 6.940000 -3.018852 0.400000
23 5 156 755 5.670000 0.338470 0.400000
24 5 18 756 2.980000 0.028560 0.400000
25 5 545 757 4.830000 0.283976 0.400000
26 5 179 758 4.380000 0.182848 0.400000
27 5 333 759 5.020000 -0.463129 0.400000
28 5 455 760 6.370000 0.925912 0.400000
29 5 465 761 3.520000 0.059651 0.400000
30 5 720 762 3.890000 -0.072881 0.400000
31 5 670 763 5.160000 0.339290 0.400000
32 5 455 764 4.470000 -0.206390 0.400000
33 5 320 765 5.130000 0.252088 0.400000
34 5 721 766 5.980000 -1.262967 0.400000
35 5 636 767 4.650000 0.231926 0.400000
36 5 377 768 5.920000 0.299133 0.400000
37 5 370 769 4.180000 0.119702 0.400000
38 5 479 770 4.950000 0.294953 0.400000
39 5 352 771 3.900000 0.116423 0.400000
40 5 22 772 3.930000 -0.113841 0.400000
41 5 508 773 4.830000 -0.318668 0.400000
42 5 557 774 7.180000 -0.221821 0.400000
43 5 121 775 3.950000 -0.134274 0.400000
44 5 318 776 4.970000 0.484724 0.400000
45 5 664 777 7.560000 2.143236 0.400000
46 5 1 778 4.700000 0.274502 0.400000
47 5 208 779 3.210000 -0.044931 0.400000
48 5 240 780 4.240000 0.196698 0.400000
49 5 732 781 5.240000 0.051684 0.400000
50 5 48 782 5.550000 -0.469852 0.400000
51 5 221 783 5.000000 -0.220310 0.400000
52 5 66 784 3.600000 0.076713 0.400000
53 5 71 785 5.730000 -0.344499 0.400000
54 5 23 786 3.790000 -0.096828 0.400000
55 5 178 787 6.320000 -0.898650 0.400000
56 5 178 788 3.810000 -0.101177 0.400000
57 5 336 789 10.140000 0.034643 0.400000
58 5 556 790 8.740000 -3.138881 0.400000
59 5 264 791 11.980000 12.278855 0.400000
60 5 502 792 5.900000 0.208951 0.400000
61 5 611 793 7.310000 0.878251 0.400000
62 5 348 794 6.380000 -1.586328 0.400000
63 5 102 795 5.680000 -0.626627 0.400000
64 5 327 796 5.800000 0.577348 0.400000
65 5 435 797 4.160000 -0.077075 0.400000
66 5 188 798 3.750000 0.071719 0.400000
67 5 147 799 4.180000 0.138088 0.400000
68 5 316 800 6.030000 0.747900 0.400000
69 5 446 801 7.170000 -0.870414 0.400000
70 5 218 802 6.730000 0.789639 0.400000
71 5 346 803 6.470000 0.873403 0.400000
72 5 174 804 5.890000 -0.633833 0.400000
73 5 327 805 6.790000 -0.550200 0.400000
74 5 570 806 4.730000 0.139720 0.400000
75 5 386 807 7.460000 1.982481 0.400000
76 5 465 808 3.180000 0.035762 0.400000
77 5 720 809 4.150000 0.156004 0.400000
78 5 47 810 2.700000 -0.022478 0.400000
79 5 100 811 3.020000 -0.030936 0.400000
80 5 492 812 4.520000 -0.205885 0.400000
81 5 136 813 3.910000 -0.110363 0.400000
82 5 579 814 5.010000 0.389623 0.400000
83 5 139 815 5.190000 -0.427995 0.400000
84 5 240 816 4.250000 -0.081671 0.400000
85 5 283 817 6.100000 0.599342 0.400000
86 5 139 818 4.780000 0.269882 0.400000
87 5 122 819 5.460000 0.121255 0.400000
88 5 20 820 3.470000 -0.076829 0.400000
89 5 378 821 4.990000 -0.596927 0.400000
90 5 238 822 4.800000 -0.315623 0.400000
91 5 379 823 4.590000 -0.280596 0.400000
92 5 586 182 12.730000 -13.210614 0.400000
93 5 182 713 11.430000 -11.126438 0.400000
94 5 727 565 6.710000 -1.814551 0.400000
95 5 595 616 5.750000 0.582696 0.400000
96 5 665 615 4.040000 -0.168771 0.400000
97 5 621 420 9.400000 -4.146969 0.400000
98 5 616 590 5.920000 -0.673997 0.400000
99 5 626 616 6.080000 0.787048 0.400000
100 5 682 525 3.760000 -0.090134 0.400000
101 5 680 49 6.610000 1.268566 0.400000
102 5 654 6 5.490000 0.815454 0.400000
103 5 525 648 6.480000 -0.818413 0.400000
104 5 657 613 5.950000 0.681570 0.400000
105 5 584 630 7.450000 0.552974 0.400000
106 5 581 110 7.350000 -0.587411 0.400000
107 5 642 706 7.270000 0.452187 0.400000
108 5 148 602 5.840000 -0.742371 0.400000
109 5 634 726 8.670000 -5.344326 0.400000
110 5 715 244 5.800000 -0.611370 0.400000
111 5 678 49 5.580000 0.619048 0.400000
112 5 691 529 4.960000 -0.256235 0.400000
113 5 708 242 7.060000 1.157004 0.400000
114 5 710 709 7.100000 -0.981669 0.400000
115 5 299 723 4.120000 0.140578 0.400000
116 5 647 99 4.520000 -0.140203 0.400000
117 5 574 307 4.600000 -0.206063 0.400000
118 5 599 566 7.210000 2.231242 0.400000
119 5 681 102 12.340000 12.624033 0.400000
120 5 696 731 6.800000 0.257544 0.400000
121 5 696 620 4.420000 0.168596 0.400000
122 5 99 573 4.620000 -0.253837 0.400000
123 5 640 153 5.050000 -0.276665 0.400000
124 5 643 28 2.690000 0.018639 0.400000
125 5 152 658 2.340000 -0.010824 0.400000
126 5 614 307 6.580000 0.755311 0.400000
127 5 674 617 5.610000 0.319451 0.400000
128 5 684 655 5.400000 -0.591964 0.400000
129 5 528 666 3.840000 -0.102031 0.400000
130 5 153 625 5.170000 0.317587 0.400000
131 5 153 585 4.920000 0.263964 0.400000
132 5 242 618 2.410000 0.008722 0.400000
133 5 201 607 4.320000 -0.235176 0.400000
134 5 641 158 5.530000 -0.348818 0.400000
135 5 428 649 4.260000 0.138115 0.400000
136 5 674 675 5.630000 -0.573267 0.400000
137 5 490 728 6.910000 0.400810 0.400000
138 5 327 699 4.890000 0.259626 0.400000
139 5 416 711 9.500000 4.607713 0.400000
140 5 547 576 3.450000 0.056562 0.400000
141 5 257 580 5.590000 0.576448 0.400000
142 5 450 717 3.970000 -0.144991 0.400000
143 5 188 687 5.160000 0.305845 0.400000
144 5 457 704 5.200000 0.431634 0.400000
145 5 337 623 17.719999 -57.092091 0.400000
146 5 601 674 5.470000 -0.303514 0.400000
147 5 517 694 2.650000 0.020272 0.400000
148 5 689 530 2.520000 0.013176 0.400000
149 5 593 428 5.160000 -0.372234 0.400000
150 5 716 455 11.390000 1.106875 0.400000
151 5 674 609 4.460000 -0.176553 0.400000
152 5 606 600 5.360000 0.383346 0.400000
153 5 275 592 4.920000 0.299898 0.400000
154 5 180 677 8.840000 1.194823 0.400000
155 5 406 703 4.130000 0.134390 0.400000
156 5 334 627 6.620000 0.736571 0.400000
157 5 501 712 4.010000 -0.195305 0.400000
158 5 462 578 5.130000 0.595544 0.400000
159 5 97 705 4.030000 -0.149042 0.400000
160 5 229 722 5.530000 -0.818907 0.400000
161 5 229 714 5.890000 -1.006032 0.400000
162 5 512 629 3.640000 0.059707 0.400000
163 5 631 125 3.890000 -0.118741 0.400000
164 5 591 345 5.530000 0.846523 0.400000
165 5 423 638 5.030000 0.387352 0.400000
166 5 679 656 5.190000 0.013909 0.400000
167 5 583 603 11.170000 0.191001 0.400000
168 5 129 688 3.120000 -0.057643 0.400000
169 5 685 55 3.360000 -0.055759 0.400000
170 5 260 660 4.720000 -0.140589 0.400000
171 5 478 695 4.770000 -0.461171 0.400000
172 5 707 718 8.030000 -0.387258 0.400000
173 5 272 683 4.690000 -0.245905 0.400000
174 5 635 202 6.660000 -1.063082 0.400000
175 5 124 612 2.840000 -0.034977 0.400000
176 5 113 610 5.450000 0.410543 0.400000
177 5 622 605 5.930000 0.726086 0.400000
178 5 644 123 5.860000 0.562274 0.400000
179 5 125 673 3.450000 0.067311 0.400000
180 5 596 281 5.960000 0.579605 0.400000
181 5 370 577 8.690000 2.371591 0.400000
182 5 571 632 3.710000 -0.116985 0.400000
183 5 619 95 2.300000 -0.007905 0.400000
184 5 690 589 4.990000 -0.233567 0.400000
185 5 363 672 4.550000 0.195850 0.400000
186 5 447 671 2.430000 0.011538 0.400000
187 5 508 651 4.270000 0.136873 0.400000
188 5 123 650 4.620000 0.312136 0.400000
189 5 281 676 5.360000 0.433862 0.400000
190 5 702 661 7.060000 1.012203 0.400000
191 5 700 472 3.940000 -0.115132 0.400000
192 5 540 724 5.970000 0.565172 0.400000
193 5 701 663 3.040000 -0.051487 0.400000
194 5 62 652 3.800000 -0.121783 0.400000
195 5 729 488 4.300000 -0.143881 0.400000
196 5 170 628 2.660000 0.018121 0.400000
197 5 131 575 5.480000 -0.361084 0.400000
198 5 637 480 8.680000 -1.243225 0.400000
199 5 653 111 3.780000 -0.102391 0.400000
200 5 692 281 4.120000 -0.145743 0.400000
201 5 669 190 4.160000 0.146201 0.400000
202 5 20 582 3.310000 0.041400 0.400000
203 5 20 698 3.600000 0.035429 0.400000
204 5 667 645 4.280000 0.167473 0.400000
205 5 597 535 4.270000 0.192125 0.400000
206 5 662 288 4.720000 0.262117 0.400000
207 5 594 369 3.130000 0.039805 0.400000
208 5 288 608 4.070000 0.127030 0.400000
209 5 222 668 5.380000 -0.204447 0.400000
210 5 19 587 2.780000 0.018545 0.400000
211 5 182 420 14.750000 -2.004846 0.400000
212 5 182 665 6.540000 -0.079330 0.400000
213 5 665 85 4.790000 0.089441 0.400000
214 5 85 41 5.270000 0.097198 0.400000
215 5 85 181 4.050000 -0.007757 0.400000
216 5 565 74 7.510000 -1.734426 0.400000
217 5 565 60 4.100000 -0.080125 0.400000
218 5 181 527 4.900000 0.140341 0.400000
219 5 74 362 6.190000 -0.780438 0.400000
220 5 616 101 5.710000 0.241154 0.400000
221 5 49 657 6.140000 0.768963 0.400000
222 5 616 271 7.070000 1.802587 0.400000
223 5 101 40 5.220000 0.186626 0.400000
224 5 101 154 3.270000 0.054528 0.400000
225 5 657 433 3.790000 0.087393 0.400000
226 5 40 37 5.140000 0.067798 0.400000
227 5 40 393 4.180000 0.118829 0.400000
228 5 420 461 16.190001 -7.382749 0.400000
229 5 420 159 6.830000 1.230935 0.400000
230 5 41 367 4.980000 -0.134568 0.400000
231 5 527 241 3.830000 0.104799 0.400000
232 5 148 466 5.370000 0.097289 0.400000
233 5 433 686 3.880000 0.090601 0.400000
234 5 37 533 5.640000 -0.000464 0.400000
235 5 37 514 3.310000 0.068262 0.400000
236 5 393 252 4.160000 0.171895 0.400000
237 5 393 335 3.490000 -0.053067 0.400000
238 5 630 726 5.950000 0.642482 0.400000
239 5 630 430 4.470000 -0.089508 0.400000
240 5 41 51 5.950000 0.246616 0.400000
241 5 41 544 4.240000 -0.014850 0.400000
242 5 367 360 3.950000 -0.218652 0.400000
243 5 367 227 4.290000 0.084084 0.400000
244 5 6 305 5.380000 -0.177156 0.400000
245 5 49 148 6.290000 1.118652 0.400000
246 5 466 532 3.790000 0.094082 0.400000
247 5 466 433 2.230000 0.003207 0.400000
248 5 148 529 6.220000 1.763734 0.400000
249 5 686 271 4.050000 0.044777 0.400000
250 5 252 141 5.620000 0.066851 0.400000
251 5 252 523 3.800000 0.105045 0.400000
252 5 51 362 7.250000 1.080801 0.400000
253 5 544 336 4.780000 0.239011 0.400000
254 5 544 559 4.710000 -0.253861 0.400000
255 5 227 60 4.470000 0.021385 0.400000
256 5 227 241 4.070000 0.062698 0.400000
257 5 6 696 5.870000 0.524665 0.400000
258 5 6 497 6.220000 0.467946 0.400000
259 5 305 339 5.070000 -0.325254 0.400000
260 5 305 181 5.320000 0.148098 0.400000
261 5 532 274 4.230000 0.156454 0.400000
262 5 719 524 6.370000 0.242963 0.400000
263 5 719 110 5.300000 -0.112575 0.400000
264 5 271 224 6.530000 0.134068 0.400000
265 5 141 255 4.110000 0.156600 0.400000
266 5 141 274 4.320000 -0.089750 0.400000
267 5 726 161 9.980000 -3.072008 0.400000
268 5 726 244 7.360000 -1.629837 0.400000
269 5 706 525 6.380000 -0.728279 0.400000
270 5 706 304 8.400000 -1.582838 0.400000
271 5 362 163 4.980000 0.300363 0.400000
272 5 559 219 5.240000 -0.226174 0.400000
273 5 559 167 5.100000 -0.027687 0.400000
274 5 241 261 3.030000 0.034450 0.400000
275 5 696 515 4.280000 0.098526 0.400000
276 5 497 36 6.010000 0.274164 0.400000
277 5 497 11 4.770000 0.193782 0.400000
278 5 339 344 5.010000 -0.383003 0.400000
279 5 339 299 4.900000 0.057749 0.400000
280 5 524 458 5.820000 -0.489625 0.400000
281 5 224 74 7.550000 0.953988 0.400000
282 5 274 255 4.290000 0.158516 0.400000
283 5 304 82 8.240000 0.736122 0.400000
284 5 304 556 9.620000 -2.318960 0.400000
285 5 336 106 4.720000 0.204368 0.400000
286 5 219 299 4.690000 0.082829 0.400000
287 5 219 506 5.470000 -0.309003 0.400000
288 5 167 39 4.020000 0.093554 0.400000
289 5 167 308 4.140000 -0.121241 0.400000
290 5 241 89 3.900000 0.133048 0.400000
291 5 344 152 5.050000 -0.319223 0.400000
292 5 344 438 3.290000 -0.063780 0.400000
293 5 529 392 7.530000 1.507499 0.400000
294 5 110 646 8.250000 -1.284204 0.400000
295 5 533 278 5.200000 -0.062836 0.400000
296 5 533 532 4.770000 0.062372 0.400000
297 5 255 256 5.220000 0.460985 0.400000
298 5 255 287 5.110000 -0.145868 0.400000
299 5 274 25 4.690000 -0.091812 0.400000
300 5 430 674 4.680000 0.104539 0.400000
301 5 556 224 7.620000 0.819921 0.400000
302 5 506 30 3.960000 0.114110 0.400000
303 5 11 326 5.020000 0.292253 0.400000
304 5 11 555 6.210000 -0.098471 0.400000
305 5 99 528 6.410000 0.113635 0.400000
306 5 271 82 7.730000 0.855081 0.400000
307 5 271 153 6.190000 0.858215 0.400000
308 5 287 390 4.570000 -0.241747 0.400000
309 5 287 366 4.170000 0.095879 0.400000
310 5 430 205 4.070000 -0.146374 0.400000
311 5 430 52 3.250000 -0.047672 0.400000
312 5 461 416 13.140000 5.942199 0.400000
313 5 106 364 5.660000 0.409198 0.400000
314 5 562 246 8.030000 0.079053 0.400000
315 5 30 381 4.640000 0.192179 0.400000
316 5 30 157 3.250000 -0.078069 0.400000
317 5 709 429 7.990000 -1.329320 0.400000
318 5 709 502 3.600000 0.055479 0.400000
319 5 36 500 3.940000 0.013747 0.400000
320 5 555 34 5.920000 0.322227 0.400000
321 5 152 684 5.010000 -0.308398 0.400000
322 5 646 414 7.340000 -0.264987 0.400000
323 5 256 258 5.570000 0.318620 0.400000
324 5 256 226 4.710000 0.142365 0.400000
325 5 82 117 6.880000 2.020208 0.400000
326 5 461 65 14.270000 -14.448406 0.400000
327 5 461 397 7.200000 1.123458 0.400000
328 5 364 469 6.280000 0.115865 0.400000
329 5 102 424 8.970000 0.012736 0.400000
330 5 500 527 3.540000 -0.035542 0.400000
331 5 500 380 3.070000 0.049289 0.400000
332 5 326 201 4.750000 -0.057837 0.400000
333 5 326 210 4.920000 0.350089 0.400000
334 5 555 454 5.660000 0.582497 0.400000
335 5 528 277 5.840000 0.215666 0.400000
336 5 646 553 6.570000 -1.465533 0.400000
337 5 226 258 5.130000 -0.115222 0.400000
338 5 366 435 4.860000 0.044424 0.400000
339 5 366 368 4.900000 0.051455 0.400000
340 5 416 135 4.750000 0.277309 0.400000
341 5 246 5 17.809999 -43.635662 0.400000
342 5 242 659 6.760000 1.148281 0.400000
343 5 36 106 4.490000 0.204830 0.400000
344 5 36 145 4.000000 0.055586 0.400000
345 5 210 541 5.450000 0.689038 0.400000
346 5 210 454 5.010000 -0.338949 0.400000
347 5 454 270 4.660000 0.243548 0.400000
348 5 277 464 4.540000 0.185914 0.400000
349 5 277 520 3.040000 0.029752 0.400000
350 5 307 427 8.170000 1.349063 0.400000
351 5 307 588 6.760000 -0.799815 0.400000
352 5 414 458 6.230000 0.074491 0.400000
353 5 278 39 4.920000 0.066808 0.400000
354 5 278 128 4.120000 -0.129645 0.400000
355 5 258 428 5.130000 0.495059 0.400000
356 5 226 327 5.800000 0.432523 0.400000
357 5 226 368 4.590000 -0.174936 0.400000
358 5 566 257 7.070000 0.301197 0.400000
359 5 329 165 3.120000 -0.033057 0.400000
360 5 329 490 7.300000 -0.151813 0.400000
361 5 185 302 6.880000 0.904611 0.400000
362 5 264 550 16.160000 -36.705364 0.400000
363 5 65 421 14.530000 -14.411027 0.400000
364 5 65 232 2.990000 -0.037378 0.400000
365 5 397 300 6.720000 0.940922 0.400000
366 5 397 394 4.950000 0.182536 0.400000
367 5 416 169 6.310000 0.365025 0.400000
368 5 469 21 5.020000 -0.077408 0.400000
369 5 469 322 4.290000 0.193272 0.400000
370 5 364 426 4.390000 0.312514 0.400000
371 5 429 348 6.890000 -1.482792 0.400000
372 5 429 502 3.840000 0.153472 0.400000
373 5 424 709 5.140000 -0.292172 0.400000
374 5 145 515 5.660000 0.266967 0.400000
375 5 380 201 4.760000 -0.177339 0.400000
376 5 380 218 5.110000 0.226628 0.400000
377 5 34 21 5.270000 0.110845 0.400000
378 5 34 145 5.900000 0.211381 0.400000
379 5 464 244 5.590000 0.124138 0.400000
380 5 464 143 3.560000 0.061776 0.400000
381 5 427 298 4.210000 -0.075469 0.400000
382 5 39 361 4.280000 0.160362 0.400000
383 5 368 175 5.040000 -0.123480 0.400000
384 5 329 138 8.420000 1.188578 0.400000
385 5 185 365 6.140000 -0.638294 0.400000
386 5 5 337 19.360001 -60.289505 0.400000
387 5 348 513 3.570000 0.103536 0.400000
388 5 611 72 6.280000 -0.260030 0.400000
389 5 424 84 4.320000 0.217744 0.400000
390 5 541 489 5.280000 0.288529 0.400000
391 5 588 646 7.480000 -0.446316 0.400000
392 5 588 414 5.810000 -0.112381 0.400000
393 5 458 598 5.050000 -0.415134 0.400000
394 5 428 327 4.410000 -0.015290 0.400000
395 5 674 161 6.640000 0.231393 0.400000
396 5 490 450 6.230000 -0.341534 0.400000
397 5 302 346 6.130000 0.799898 0.400000
398 5 302 280 4.720000 0.104713 0.400000
399 5 185 107 4.890000 -0.312421 0.400000
400 5 185 314 3.230000 0.046104 0.400000
401 5 365 550 6.800000 -0.836424 0.400000
402 5 365 452 5.500000 0.198130 0.400000
403 5 300 43 7.590000 0.867407 0.400000
404 5 300 558 3.530000 0.073516 0.400000
405 5 394 552 3.730000 0.090413 0.400000
406 5 394 564 5.030000 0.092123 0.400000
407 5 169 355 4.790000 0.172990 0.400000
408 5 611 659 7.420000 -1.148281 0.400000
409 5 72 463 2.870000 0.020521 0.400000
410 5 72 32 4.730000 -0.280551 0.400000
411 5 424 247 3.610000 0.087164 0.400000
412 5 489 444 4.930000 0.400817 0.400000
413 5 541 16 5.230000 0.333013 0.400000
414 5 392 265 7.290000 0.814523 0.400000
415 5 392 415 5.860000 0.692976 0.400000
416 5 427 413 6.860000 -0.774639 0.400000
417 5 427 547 4.680000 0.203992 0.400000
418 5 327 195 5.190000 0.130458 0.400000
419 5 435 407 3.930000 -0.044477 0.400000
420 5 244 693 7.580000 -1.823248 0.400000
421 5 452 77 6.370000 -0.266367 0.400000
422 5 452 251 5.350000 0.464497 0.400000
423 5 421 33 14.210000 -15.870705 0.400000
424 5 421 27 12.600000 0.585817 0.400000
425 5 416 316 7.570000 0.692152 0.400000
426 5 355 158 4.330000 0.085524 0.400000
427 5 355 228 5.840000 0.087465 0.400000
428 5 415 588 5.220000 0.241117 0.400000
429 5 415 414 5.610000 0.451859 0.400000
430 5 195 248 4.700000 0.296435 0.400000
431 5 195 435 4.020000 -0.165977 0.400000
432 5 175 156 6.920000 -0.207974 0.400000
433 5 175 188 4.440000 0.084494 0.400000
434 5 244 398 5.040000 -0.293822 0.400000
435 5 693 427 7.600000 -1.995179 0.400000
436 5 693 725 4.580000 0.171932 0.400000
437 5 346 536 8.250000 -0.532790 0.400000
438 5 346 147 7.490000 0.459285 0.400000
439 5 246 568 7.180000 1.588347 0.400000
440 5 77 172 7.120000 -1.295201 0.400000
441 5 550 308 8.810000 0.955426 0.400000
442 5 27 389 5.840000 0.346367 0.400000
443 5 27 13 4.560000 0.239450 0.400000
444 5 158 517 4.080000 -0.263294 0.400000
445 5 228 542 4.040000 0.052702 0.400000
446 5 228 291 5.770000 0.034763 0.400000
447 5 513 53 3.560000 0.044796 0.400000
448 5 513 60 4.030000 0.058739 0.400000
449 5 265 388 5.370000 0.524066 0.400000
450 5 265 73 4.780000 0.290456 0.400000
451 5 413 282 7.070000 -0.459823 0.400000
452 5 298 403 5.600000 -0.022882 0.400000
453 5 298 598 3.640000 -0.052587 0.400000
454 5 156 189 8.210000 0.706667 0.400000
455 5 407 211 5.330000 -0.418921 0.400000
456 5 725 457 4.890000 0.319362 0.400000
457 5 725 547 5.180000 -0.147430 0.400000
458 5 257 333 5.260000 -0.275251 0.400000
459 5 246 172 9.280000 3.629155 0.400000
460 5 251 536 4.770000 0.228690 0.400000
461 5 251 371 5.110000 0.235807 0.400000
462 5 308 51 4.680000 0.834185 0.400000
463 5 43 400 7.730000 0.979539 0.400000
464 5 43 293 3.920000 -0.112132 0.400000
465 5 316 359 3.270000 -0.055748 0.400000
466 5 542 134 4.830000 0.094225 0.400000
467 5 542 332 4.500000 -0.041523 0.400000
468 5 291 421 6.130000 -0.873860 0.400000
469 5 291 198 5.900000 0.908623 0.400000
470 5 388 289 5.870000 0.174574 0.400000
471 5 156 407 6.560000 -0.374444 0.400000
472 5 156 38 5.860000 -0.878668 0.400000
473 5 188 250 5.810000 -0.293069 0.400000
474 5 457 409 4.060000 -0.112272 0.400000
475 5 450 18 4.710000 0.005153 0.400000
476 5 172 526 7.430000 0.850997 0.400000
477 5 172 531 6.640000 1.482957 0.400000
478 5 371 77 5.960000 -1.028834 0.400000
479 5 33 5 14.960000 -16.653841 0.400000
480 5 33 59 6.050000 0.783137 0.400000
481 5 564 487 4.960000 -0.189519 0.400000
482 5 564 290 5.000000 0.281642 0.400000
483 5 134 516 3.700000 -0.043876 0.400000
484 5 134 315 4.280000 0.138101 0.400000
485 5 332 319 4.280000 -0.068678 0.400000
486 5 332 448 4.080000 0.027155 0.400000
487 5 289 390 5.050000 0.190791 0.400000
488 5 289 42 5.190000 -0.016217 0.400000
489 5 73 373 5.080000 0.291691 0.400000
490 5 12 73 1.750000 0.001235 0.400000
491 5 282 425 5.350000 -0.068350 0.400000
492 5 282 104 6.230000 -0.391473 0.400000
493 5 403 402 6.560000 -0.075140 0.400000
494 5 403 412 4.050000 0.052258 0.400000
495 5 361 9 6.490000 -0.312874 0.400000
496 5 361 189 10.030000 0.473237 0.400000
497 5 189 180 7.260000 1.003346 0.400000
498 5 189 534 4.600000 0.176558 0.400000
499 5 250 570 4.450000 0.170948 0.400000
500 5 250 9 5.690000 -0.464017 0.400000
501 5 211 320 6.200000 0.478265 0.400000
502 5 536 371 6.640000 -1.264641 0.400000
503 5 531 174 6.590000 1.141553 0.400000
504 5 531 280 5.230000 0.341404 0.400000
505 5 389 441 4.480000 0.125090 0.400000
506 5 389 268 4.860000 0.221277 0.400000
507 5 400 437 5.880000 1.196307 0.400000
508 5 400 276 6.900000 -0.216769 0.400000
509 5 487 408 5.510000 -0.450284 0.400000
510 5 487 32 4.760000 0.260765 0.400000
511 5 290 510 3.820000 0.039320 0.400000
512 5 290 606 4.590000 0.242322 0.400000
513 5 516 319 3.730000 0.005820 0.400000
514 5 516 78 3.120000 -0.049696 0.400000
515 5 319 160 4.300000 -0.016930 0.400000
516 5 319 286 3.840000 -0.045928 0.400000
517 5 448 441 3.370000 -0.040281 0.400000
518 5 448 80 3.300000 0.067436 0.400000
519 5 198 194 6.100000 0.730087 0.400000
520 5 198 237 4.580000 0.178536 0.400000
521 5 337 162 8.090000 -3.197413 0.400000
522 5 218 446 5.340000 -0.563011 0.400000
523 5 388 413 4.770000 0.314816 0.400000
524 5 388 42 4.490000 0.034676 0.400000
525 5 390 411 3.320000 -0.050956 0.400000
526 5 42 61 4.470000 0.018459 0.400000
527 5 104 171 5.710000 -0.136236 0.400000
528 5 104 7 5.410000 -0.255237 0.400000
529 5 402 412 4.370000 0.052549 0.400000
530 5 412 187 2.800000 -0.023166 0.400000
531 5 9 285 5.460000 -0.776891 0.400000
532 5 320 670 4.970000 0.226177 0.400000
533 5 398 87 6.130000 0.065005 0.400000
534 5 398 245 6.960000 -0.358827 0.400000
535 5 18 328 2.970000 -0.023407 0.400000
536 5 174 203 5.880000 0.753446 0.400000
537 5 441 215 5.030000 0.065928 0.400000
538 5 268 31 5.490000 0.416261 0.400000
539 5 276 86 5.440000 -0.106365 0.400000
540 5 276 243 3.820000 -0.110403 0.400000
541 5 408 604 5.540000 0.196159 0.400000
542 5 408 166 5.190000 -0.646443 0.400000
543 5 510 239 4.210000 0.093691 0.400000
544 5 517 684 4.460000 -0.283565 0.400000
545 5 315 100 3.900000 0.059450 0.400000
546 5 315 96 5.020000 0.078651 0.400000
547 5 160 422 4.170000 -0.025172 0.400000
548 5 160 150 3.100000 0.008242 0.400000
549 5 286 10 3.540000 -0.117537 0.400000
550 5 286 96 3.540000 0.071609 0.400000
551 5 194 44 6.040000 0.601622 0.400000
552 5 194 259 5.740000 0.128465 0.400000
553 5 61 112 3.990000 0.128721 0.400000
554 5 61 436 5.130000 -0.110262 0.400000
555 5 7 402 5.500000 -0.296571 0.400000
556 5 402 382 4.830000 -0.424261 0.400000
557 5 412 325 4.630000 -0.061047 0.400000
558 5 730 395 7.670000 1.788852 0.400000
559 5 87 116 3.030000 0.030313 0.400000
560 5 536 386 7.870000 0.960541 0.400000
561 5 280 399 5.550000 0.446117 0.400000
562 5 441 63 4.450000 0.018881 0.400000
563 5 215 142 4.670000 0.085744 0.400000
564 5 215 567 3.820000 -0.019816 0.400000
565 5 166 330 6.530000 -0.842559 0.400000
566 5 166 482 4.310000 0.196116 0.400000
567 5 32 200 3.880000 -0.019786 0.400000
568 5 510 482 4.680000 0.013360 0.400000
569 5 510 639 5.620000 -0.067732 0.400000
570 5 606 639 3.220000 -0.023507 0.400000
571 5 96 563 4.210000 0.150260 0.400000
572 5 44 214 6.260000 0.176941 0.400000
573 5 44 249 5.660000 0.424681 0.400000
574 5 237 465 3.910000 0.095412 0.400000
575 5 237 720 3.760000 0.083124 0.400000
576 5 446 76 6.530000 0.307404 0.400000
577 5 436 381 4.250000 -0.137277 0.400000
578 5 425 436 3.430000 -0.027016 0.400000
579 5 425 7 3.700000 -0.041335 0.400000
580 5 171 83 6.320000 -0.264037 0.400000
581 5 171 132 4.030000 0.127801 0.400000
582 5 325 334 6.500000 1.444737 0.400000
583 5 570 309 3.250000 0.031228 0.400000
584 5 245 358 3.900000 -0.121587 0.400000
585 5 333 220 4.530000 0.187878 0.400000
586 5 399 474 5.130000 -0.331337 0.400000
587 5 399 546 6.440000 0.777454 0.400000
588 5 526 440 6.230000 0.589506 0.400000
589 5 526 217 5.880000 0.261491 0.400000
590 5 63 115 4.060000 -0.047807 0.400000
591 5 63 442 4.030000 0.066688 0.400000
592 5 142 29 3.720000 0.127652 0.400000
593 5 142 484 4.080000 -0.041908 0.400000
594 5 567 483 3.690000 -0.036517 0.400000
595 5 567 538 3.170000 0.016701 0.400000
596 5 604 297 5.710000 0.110975 0.400000
597 5 604 583 4.180000 0.085183 0.400000
598 5 239 375 4.050000 0.195031 0.400000
599 5 239 460 3.790000 -0.101340 0.400000
600 5 606 432 5.810000 -0.117518 0.400000
601 5 422 193 2.140000 -0.005864 0.400000
602 5 422 324 2.610000 -0.019308 0.400000
603 5 214 572 3.640000 -0.065982 0.400000
604 5 249 664 6.370000 0.332853 0.400000
605 5 249 54 3.910000 0.091828 0.400000
606 5 259 235 3.780000 0.183486 0.400000
607 5 259 349 4.750000 -0.055021 0.400000
608 5 373 258 4.950000 0.291662 0.400000
609 5 373 509 2.890000 0.000029 0.400000
610 5 412 334 6.110000 0.189020 0.400000
611 5 395 721 7.310000 -1.066823 0.400000
612 5 87 269 7.510000 -0.046919 0.400000
613 5 87 404 3.720000 0.081611 0.400000
614 5 245 92 4.420000 -0.237240 0.400000
615 5 386 174 6.560000 -1.021940 0.400000
616 5 217 90 5.720000 -0.129732 0.400000
617 5 217 521 4.900000 0.391223 0.400000
618 5 115 310 5.610000 -0.025800 0.400000
619 5 115 483 4.180000 -0.022007 0.400000
620 5 442 295 2.900000 -0.025983 0.400000
621 5 442 150 3.160000 0.092671 0.400000
622 5 484 140 3.220000 -0.073142 0.400000
623 5 330 410 5.220000 0.398882 0.400000
624 5 639 317 3.550000 -0.091239 0.400000
625 5 432 501 4.360000 -0.151673 0.400000
626 5 432 406 5.140000 0.034156 0.400000
627 5 214 401 5.420000 0.373363 0.400000
628 5 214 496 4.380000 -0.130440 0.400000
629 5 349 177 4.270000 -0.048986 0.400000
630 5 349 47 3.490000 -0.006036 0.400000
631 5 83 91 7.030000 -0.233364 0.400000
632 5 83 323 6.370000 -0.030673 0.400000
633 5 670 485 4.030000 -0.113112 0.400000
634 5 269 347 8.610000 0.260741 0.400000
635 5 269 79 5.050000 -0.307660 0.400000
636 5 90 216 4.670000 -0.021196 0.400000
637 5 455 697 11.020000 0.387352 0.400000
638 5 483 494 3.200000 -0.058524 0.400000
639 5 150 431 3.540000 0.100913 0.400000
640 5 140 732 3.410000 0.055079 0.400000
641 5 484 443 2.770000 -0.025900 0.400000
642 5 484 204 3.840000 0.057134 0.400000
643 5 86 560 3.200000 -0.051464 0.400000
644 5 86 381 5.370000 -0.054901 0.400000
645 5 297 70 5.350000 0.283567 0.400000
646 5 297 97 4.710000 -0.172592 0.400000
647 5 410 266 3.420000 0.057830 0.400000
648 5 410 75 4.600000 0.341051 0.400000
649 5 482 343 3.990000 0.076679 0.400000
650 5 200 292 5.200000 -0.065411 0.400000
651 5 200 456 5.400000 0.115331 0.400000
652 5 482 385 3.970000 0.132797 0.400000
653 5 406 57 4.420000 -0.100235 0.400000
654 5 401 100 4.380000 -0.090386 0.400000
655 5 401 462 6.100000 0.463749 0.400000
656 5 496 253 2.710000 -0.018485 0.400000
657 5 47 272 4.170000 0.016442 0.400000
658 5 509 507 1.200000 0.000019 0.400000
659 5 509 236 1.160000 0.000010 0.400000
660 5 323 91 6.530000 -0.013286 0.400000
661 5 323 391 2.670000 -0.017387 0.400000
662 5 382 566 7.140000 -1.930045 0.400000
663 5 382 325 6.550000 1.505784 0.400000
664 5 334 211 6.350000 0.897186 0.400000
665 5 440 90 5.100000 0.108536 0.400000
666 5 440 449 5.560000 0.480970 0.400000
667 5 310 491 4.700000 -0.220785 0.400000
668 5 310 268 4.660000 0.194985 0.400000
669 5 140 301 3.550000 -0.083762 0.400000
670 5 140 212 3.560000 -0.044459 0.400000
671 5 204 2 3.880000 0.114124 0.400000
672 5 204 554 3.280000 -0.056990 0.400000
673 5 31 26 6.170000 0.335803 0.400000
674 5 70 120 5.270000 0.663992 0.400000
675 5 70 121 4.880000 -0.380425 0.400000
676 5 266 17 5.780000 0.316218 0.400000
677 5 75 81 3.740000 0.082664 0.400000
678 5 75 266 5.310000 0.258387 0.400000
679 5 330 562 9.030000 0.583498 0.400000
680 5 330 229 6.290000 -1.824939 0.400000
681 5 343 81 3.870000 -0.012958 0.400000
682 5 456 180 4.290000 0.191477 0.400000
683 5 456 313 3.870000 -0.076146 0.400000
684 5 501 129 3.210000 0.043632 0.400000
685 5 57 15 5.140000 -0.058667 0.400000
686 5 57 512 4.440000 -0.041568 0.400000
687 5 462 168 4.930000 -0.131795 0.400000
688 5 721 48 5.120000 0.196144 0.400000
689 5 220 451 4.170000 -0.180917 0.400000
690 5 220 379 5.100000 0.368795 0.400000
691 5 546 225 5.270000 -0.256023 0.400000
692 5 449 504 4.420000 -0.020658 0.400000
693 5 449 549 4.880000 0.501628 0.400000
694 5 697 633 7.510000 0.268171 0.400000
695 5 697 423 4.000000 0.119182 0.400000
696 5 212 679 4.670000 -0.084022 0.400000
697 5 212 137 2.950000 0.039563 0.400000
698 5 2 168 4.070000 0.070987 0.400000
699 5 2 206 4.200000 0.043137 0.400000
700 5 538 383 4.830000 -0.065412 0.400000
701 5 538 356 4.350000 0.082113 0.400000
702 5 31 263 6.400000 -0.245862 0.400000
703 5 31 480 4.590000 0.326321 0.400000
704 5 97 518 4.860000 -0.023550 0.400000
705 5 562 24 7.290000 0.504445 0.400000
706 5 343 231 3.670000 0.089637 0.400000
707 5 81 200 5.260000 0.069706 0.400000
708 5 313 707 4.420000 -0.181964 0.400000
709 5 313 583 3.450000 0.105818 0.400000
710 5 15 352 4.440000 0.049109 0.400000
711 5 512 129 5.100000 -0.101275 0.400000
712 5 168 377 4.540000 -0.060808 0.400000
713 5 177 470 4.150000 -0.095790 0.400000
714 5 177 453 3.360000 0.046804 0.400000
715 5 545 541 5.460000 -0.067496 0.400000
716 5 545 489 4.960000 0.112288 0.400000
717 5 91 94 7.040000 -0.452244 0.400000
718 5 347 209 7.930000 -0.804991 0.400000
719 5 474 225 4.110000 0.159502 0.400000
720 5 546 499 8.660000 2.392571 0.400000
721 5 546 569 7.700000 -1.359094 0.400000
722 5 549 370 8.290000 2.491293 0.400000
723 5 633 423 4.810000 0.268171 0.400000
724 5 295 207 3.900000 0.018262 0.400000
725 5 295 353 4.780000 -0.044245 0.400000
726 5 679 186 3.540000 -0.097931 0.400000
727 5 206 4 5.090000 -0.151423 0.400000
728 5 206 445 5.340000 0.194559 0.400000
729 5 383 114 2.560000 0.013946 0.400000
730 5 383 260 4.060000 -0.079357 0.400000
731 5 356 119 3.020000 -0.031149 0.400000
732 5 26 471 2.980000 -0.026733 0.400000
733 5 518 136 3.700000 0.086991 0.400000
734 5 518 354 4.870000 -0.110540 0.400000
735 5 292 17 5.560000 -0.156760 0.400000
736 5 292 521 4.550000 0.091348 0.400000
737 5 377 372 4.830000 -0.359941 0.400000
738 5 76 364 6.060000 0.019181 0.400000
739 5 76 539 5.140000 0.288223 0.400000
740 5 94 347 6.740000 -0.496536 0.400000
741 5 94 357 3.280000 0.044292 0.400000
742 5 345 495 4.930000 0.456207 0.400000
743 5 451 149 3.790000 -0.199680 0.400000
744 5 379 548 6.130000 0.649391 0.400000
745 5 474 378 5.490000 -0.473702 0.400000
746 5 474 511 3.600000 -0.017138 0.400000
747 5 569 473 6.940000 -1.084778 0.400000
748 5 569 35 5.550000 -0.274316 0.400000
749 5 225 146 5.860000 0.089859 0.400000
750 5 225 64 3.390000 0.049693 0.400000
751 5 521 191 5.100000 0.482571 0.400000
752 5 353 254 3.640000 -0.073250 0.400000
753 5 114 192 2.870000 0.030952 0.400000
754 5 260 118 3.510000 0.061231 0.400000
755 5 480 492 6.530000 -0.828701 0.400000
756 5 480 113 4.750000 -0.088203 0.400000
757 5 26 58 5.950000 0.457873 0.400000
758 5 120 197 4.390000 -0.097349 0.400000
759 5 354 151 4.770000 -0.019905 0.400000
760 5 354 56 3.650000 -0.090636 0.400000
761 5 17 50 4.830000 0.169933 0.400000
762 5 17 183 4.200000 0.114710 0.400000
763 5 24 417 7.420000 0.889951 0.400000
764 5 24 478 4.980000 -0.385505 0.400000
765 5 17 173 3.750000 -0.125185 0.400000
766 5 707 191 4.570000 0.205294 0.400000
767 5 352 445 5.410000 -0.251421 0.400000
768 5 352 318 5.280000 0.515958 0.400000
769 5 372 338 3.260000 -0.046578 0.400000
770 5 470 15 4.110000 0.107776 0.400000
771 5 470 376 4.330000 -0.203565 0.400000
772 5 91 196 4.540000 0.205594 0.400000
773 5 345 439 5.310000 0.321635 0.400000
774 5 511 351 2.530000 -0.019089 0.400000
775 5 511 505 1.860000 0.001952 0.400000
776 5 499 549 8.390000 1.989665 0.400000
777 5 499 405 6.370000 0.402906 0.400000
778 5 35 551 4.560000 -0.110794 0.400000
779 5 146 551 4.510000 0.138429 0.400000
780 5 491 447 3.560000 0.081130 0.400000
781 5 207 296 2.700000 0.023799 0.400000
782 5 207 353 2.940000 -0.005537 0.400000
783 5 353 124 4.570000 0.023468 0.400000
784 5 254 105 2.620000 0.015612 0.400000
785 5 254 321 2.970000 -0.088862 0.400000
786 5 197 488 5.170000 -0.021684 0.400000
787 5 120 579 4.860000 0.232608 0.400000
788 5 120 622 5.250000 0.528733 0.400000
789 5 136 622 4.390000 0.197353 0.400000
790 5 151 121 5.000000 0.246150 0.400000
791 5 417 702 6.070000 0.623896 0.400000
792 5 417 151 5.370000 0.266055 0.400000
793 5 478 197 3.510000 0.075665 0.400000
794 5 372 272 6.710000 -0.645214 0.400000
795 5 372 352 5.550000 0.331851 0.400000
796 5 272 418 5.320000 -0.382867 0.400000
797 5 125 345 4.900000 -0.068682 0.400000
798 5 495 126 4.350000 0.131746 0.400000
799 5 439 68 5.130000 0.011899 0.400000
800 5 439 495 4.840000 0.309736 0.400000
801 5 405 363 5.500000 0.338920 0.400000
802 5 405 481 3.640000 0.063986 0.400000
803 5 473 267 6.920000 0.505308 0.400000
804 5 473 495 5.630000 -0.634197 0.400000
805 5 473 67 5.010000 -0.323008 0.400000
806 5 504 68 3.450000 -0.021573 0.400000
807 5 504 14 1.670000 0.000916 0.400000
808 5 191 35 5.080000 0.163522 0.400000
809 5 491 557 6.460000 -0.397251 0.400000
810 5 491 26 3.480000 0.095336 0.400000
811 5 124 571 3.730000 0.058445 0.400000
812 5 263 139 4.570000 -0.158113 0.400000
813 5 263 477 5.410000 -0.087749 0.400000
814 5 492 548 5.250000 -0.441020 0.400000
815 5 492 508 4.530000 -0.181795 0.400000
816 5 58 468 4.250000 0.112201 0.400000
817 5 488 579 4.660000 0.157014 0.400000
818 5 183 225 5.460000 0.099017 0.400000
819 5 183 146 4.440000 0.048571 0.400000
820 5 318 732 4.450000 -0.069884 0.400000
821 5 636 690 5.410000 -0.364121 0.400000
822 5 636 486 3.490000 -0.070764 0.400000
823 5 539 545 5.310000 0.328769 0.400000
824 5 539 213 3.250000 -0.040546 0.400000
825 5 347 88 3.510000 0.046047 0.400000
826 5 125 170 4.870000 -0.117371 0.400000
827 5 548 1 5.880000 0.208370 0.400000
828 5 551 503 2.980000 0.027636 0.400000
829 5 557 571 5.680000 -0.175430 0.400000
830 5 488 702 5.090000 -0.322579 0.400000
831 5 50 225 4.110000 0.137055 0.400000
832 5 50 183 3.540000 0.032877 0.400000
833 5 702 636 5.320000 -0.202960 0.400000
834 5 445 498 3.410000 -0.056862 0.400000
835 5 318 164 3.880000 0.101118 0.400000
836 5 664 540 7.590000 -1.810383 0.400000
837 5 347 396 6.690000 -0.463185 0.400000
838 5 347 103 6.880000 0.986332 0.400000
839 5 68 384 2.340000 -0.009675 0.400000
840 5 209 395 8.180000 -0.937729 0.400000
841 5 209 303 3.830000 0.132739 0.400000
842 5 363 341 4.150000 0.143070 0.400000
843 5 191 473 6.070000 0.632881 0.400000
844 5 191 273 4.440000 -0.108537 0.400000
845 5 447 233 3.390000 0.069592 0.400000
846 5 4 312 3.090000 0.030911 0.400000
847 5 477 109 4.760000 -0.068986 0.400000
848 5 477 451 3.840000 -0.018763 0.400000
849 5 58 561 5.500000 0.364377 0.400000
850 5 58 93 3.960000 -0.018706 0.400000
851 5 123 122 4.260000 0.250138 0.400000
852 5 303 155 3.680000 0.049872 0.400000
853 5 273 701 4.130000 -0.069958 0.400000
854 5 273 45 3.040000 -0.038579 0.400000
855 5 4 311 3.800000 -0.121357 0.400000
856 5 561 3 5.130000 0.458933 0.400000
857 5 561 93 4.650000 -0.094556 0.400000
858 5 93 356 3.780000 -0.113262 0.400000
859 5 468 240 3.860000 0.115028 0.400000
860 5 468 46 2.940000 -0.002826 0.400000
861 5 702 459 4.830000 -0.507927 0.400000
862 5 122 62 3.980000 0.128883 0.400000
863 5 213 21 4.130000 -0.033438 0.400000
864 5 213 108 2.290000 -0.007108 0.400000
865 5 103 88 5.970000 0.971849 0.400000
866 5 103 127 2.650000 0.014484 0.400000
867 5 88 537 4.500000 -0.196900 0.400000
868 5 1 131 4.950000 -0.227151 0.400000
869 5 1 479 4.530000 0.161020 0.400000
870 5 701 144 2.620000 -0.018471 0.400000
871 5 3 113 5.270000 0.498746 0.400000
872 5 3 223 3.160000 -0.039813 0.400000
873 5 459 690 4.730000 0.130554 0.400000
874 5 62 238 6.410000 0.250666 0.400000
875 5 540 48 6.160000 -0.582168 0.400000
876 5 376 8 3.650000 -0.112482 0.400000
877 5 376 184 4.470000 -0.091083 0.400000
878 5 88 329 7.940000 1.003707 0.400000
879 5 88 490 6.770000 0.211089 0.400000
880 5 170 342 4.080000 -0.135492 0.400000
881 5 395 199 7.390000 1.917946 0.400000
882 5 131 479 4.260000 0.133933 0.400000
883 5 223 114 3.080000 0.017006 0.400000
884 5 223 519 3.400000 -0.056819 0.400000
885 5 238 69 6.080000 0.566289 0.400000
886 5 540 303 6.530000 -0.082866 0.400000
887 5 342 130 3.820000 -0.196258 0.400000
888 5 342 98 3.550000 0.060766 0.400000
889 5 199 540 7.100000 1.710521 0.400000
890 5 199 387 4.650000 0.207425 0.400000
891 5 118 493 3.310000 0.051643 0.400000
892 5 118 279 2.440000 0.009588 0.400000
893 5 69 71 5.720000 0.171075 0.400000
894 5 69 331 5.520000 0.395214 0.400000
895 5 378 331 4.890000 0.123225 0.400000
896 5 732 419 3.510000 -0.066489 0.400000
897 5 396 283 6.370000 -0.520016 0.400000
898 5 396 667 5.490000 0.056831 0.400000
899 5 109 230 4.390000 -0.039754 0.400000
900 5 109 176 2.020000 -0.003934 0.400000
901 5 71 221 5.380000 0.515574 0.400000
902 5 331 522 4.880000 0.518439 0.400000
903 5 48 111 5.270000 0.083828 0.400000
904 5 283 476 7.110000 -1.119358 0.400000
905 5 109 262 3.380000 -0.025297 0.400000
906 5 230 294 3.070000 -0.058318 0.400000
907 5 111 230 3.200000 -0.018563 0.400000
908 5 178 234 6.590000 0.999826 0.400000
909 5 667 476 4.740000 -0.110642 0.400000
910 5 262 475 2.730000 0.013745 0.400000
911 5 262 467 2.850000 -0.039042 0.400000
912 5 184 374 4.570000 0.057027 0.400000
913 5 184 306 4.150000 -0.148111 0.400000
914 5 221 133 6.460000 0.735884 0.400000
915 5 535 543 5.130000 0.289529 0.400000
916 5 133 459 6.410000 0.638481 0.400000
917 5 133 535 3.660000 0.097404 0.400000
918 5 306 284 3.470000 0.044399 0.400000
919 5 306 222 4.020000 -0.192510 0.400000
920 5 288 434 4.090000 0.135087 0.400000
921 5 476 730 6.890000 -1.230000 0.400000
922 5 374 19 3.260000 0.079522 0.400000
923 5 374 340 2.720000 -0.022495 0.400000
924 5 222 350 2.390000 0.011937 0.400000
925 5 19 4 3.920000 0.060977 0.400000
926 5 246 550 16.980000 38.497215 0.400000
927 5 102 264 15.310000 -24.426510 0.400000
823     total number of nodes
Name	x	y	z
1 363.0 186.5 238.0
2 86.0 153.5 171.0
3 294.0 218.5 220.0
4 100.0 172.5 159.0
5 254.0 175.5 159.0
6 96.0 45.5 57.0
7 287.0 146.5 171.0
8 148.0 173.5 130.0
9 326.0 180.5 158.0
10 100.0 148.5 222.0
11 79.0 42.5 36.0
12 341.0 143.5 130.0
13 121.0 142.5 130.0
14 305.0 176.5 104.0
15 91.0 154.5 130.0
16 107.0 62.5 36.0
17 210.0 154.5 54.0
18 324.0 167.5 243.0
19 117.0 180.5 171.0
20 173.0 158.5 238.0
21 118.0 88.5 55.0
22 327.0 168.5 13.0
23 320.0 166.5 13.0
24 133.0 121.5 42.0
25 321.0 136.5 104.0
26 278.0 197.5 220.0
27 150.0 157.5 159.0
28 46.0 42.5 67.0
29 110.0 155.5 159.0
30 170.0 107.5 109.0
31 247.0 177.5 238.0
32 191.0 150.5 80.0
33 190.0 157.5 158.0
34 67.0 58.5 43.0
35 285.0 168.5 74.0
36 124.0 71.5 55.0
37 302.0 118.5 77.0
38 380.0 173.5 135.0
39 284.0 125.5 104.0
40 320.0 123.5 74.0
41 222.0 87.5 80.0
42 280.0 141.5 119.0
43 193.0 141.5 119.0
44 32.0 92.5 140.0
45 303.0 204.5 98.0
46 311.0 200.5 217.0
47 25.0 105.5 130.0
48 51.0 101.5 219.0
49 367.0 129.5 104.0
50 244.0 151.5 43.0
51 248.0 101.5 80.0
52 93.0 75.5 130.0
53 173.0 59.5 54.0
54 45.0 99.5 171.0
55 382.0 164.5 43.0
56 144.0 133.5 74.0
57 83.0 154.5 119.0
58 277.0 213.5 217.0
59 197.0 165.5 129.0
60 216.0 75.5 54.0
61 268.0 133.5 135.0
62 107.0 103.5 13.0
63 175.0 172.5 202.0
64 310.0 181.5 73.0
65 147.0 127.5 130.0
66 43.0 113.5 99.0
67 323.0 183.5 73.0
68 351.0 186.5 116.0
69 95.0 102.5 13.0
70 66.0 123.5 53.0
71 89.0 100.5 13.0
72 182.0 100.5 13.0
73 354.0 152.5 140.0
74 288.0 95.5 54.0
75 189.0 146.5 53.0
76 151.0 83.5 36.0
77 342.0 145.5 68.0
78 34.0 139.5 180.0
79 200.0 132.5 171.0
80 138.0 141.5 180.0
81 197.0 160.5 68.0
82 373.0 127.5 43.0
83 229.0 135.5 180.0
84 209.0 94.5 36.0
85 196.0 81.5 80.0
86 205.0 130.5 135.0
87 188.0 123.5 171.0
88 291.0 151.5 196.0
89 162.0 70.5 68.0
90 300.0 147.5 73.0
91 221.0 135.5 183.0
92 156.0 86.5 129.0
93 262.0 211.5 218.0
94 213.0 133.5 183.0
95 203.0 206.5 178.0
96 61.0 130.5 183.0
97 115.0 133.5 78.0
98 316.0 204.5 99.0
99 243.0 99.5 116.0
100 26.0 110.5 157.0
101 327.0 121.5 73.0
102 241.0 110.5 37.0
103 255.0 146.5 219.0
104 262.0 141.5 170.0
105 243.0 193.5 201.0
106 156.0 92.5 68.0
107 340.0 134.5 6.0
108 133.0 86.5 37.0
109 179.0 154.5 208.0
110 339.0 134.5 170.0
111 102.0 126.5 219.0
112 243.0 127.5 116.0
113 310.0 231.5 218.0
114 281.0 218.5 196.0
115 190.0 179.5 208.0
116 130.0 105.5 159.0
117 358.0 118.5 52.0
118 177.0 208.5 196.0
119 223.0 193.5 208.0
120 40.0 109.5 55.0
121 89.0 109.5 55.0
122 125.0 121.5 15.0
123 148.0 131.5 14.0
124 233.0 213.5 219.0
125 367.0 210.5 117.0
126 353.0 195.5 105.0
127 281.0 149.5 178.0
128 314.0 137.5 105.0
129 36.0 137.5 105.0
130 325.0 203.5 91.0
131 369.0 189.5 242.0
132 248.0 133.5 156.0
133 59.0 78.5 16.0
134 97.0 143.5 178.0
135 115.0 115.5 78.0
136 58.0 116.5 78.0
137 167.0 193.5 219.0
138 298.0 162.5 196.0
139 277.0 171.5 242.0
140 144.0 189.5 219.0
141 360.0 151.5 105.0
142 129.0 172.5 178.0
143 252.0 123.5 156.0
144 275.0 214.5 136.0
145 46.0 47.5 42.0
146 262.0 158.5 55.0
147 398.0 138.5 37.0
148 354.0 124.5 105.0
149 284.0 170.5 227.0
150 158.0 177.5 203.0
151 104.0 118.5 60.0
152 70.0 38.5 90.0
153 397.0 124.5 60.0
154 318.0 109.5 66.0
155 76.0 101.5 165.0
156 370.0 194.5 142.0
157 178.0 113.5 105.0
158 70.0 77.5 128.0
159 105.0 73.5 115.0
160 124.0 156.5 206.0
161 62.0 74.5 169.0
162 300.0 191.5 164.0
163 256.0 109.5 61.0
164 47.0 156.5 177.0
165 282.0 140.5 206.0
166 160.0 144.5 60.0
167 222.0 116.5 89.0
168 26.0 124.5 139.0
169 87.0 102.5 127.0
170 361.0 209.5 101.0
171 247.0 137.5 177.0
172 321.0 140.5 64.0
173 236.0 168.5 59.0
174 360.0 152.5 64.0
175 361.0 184.5 142.0
176 189.0 154.5 227.0
177 101.0 151.5 139.0
178 185.0 125.5 2.0
179 342.0 220.5 176.0
180 281.0 207.5 121.0
181 140.0 63.5 66.0
182 119.0 56.5 105.0
183 250.0 162.5 61.0
184 155.0 182.5 157.0
185 341.0 130.5 17.0
186 111.0 173.5 224.0
187 351.0 172.5 176.0
188 347.0 192.5 165.0
189 316.0 189.5 139.0
190 119.0 165.5 226.0
191 279.0 179.5 89.0
192 293.0 218.5 183.0
193 136.0 155.5 224.0
194 74.0 113.5 146.0
195 375.0 168.5 89.0
196 212.0 122.5 151.0
197 49.0 110.5 40.0
198 80.0 117.5 146.0
199 85.0 106.5 187.0
200 199.0 166.5 84.0
201 109.0 36.5 22.0
202 309.0 220.5 139.0
203 357.0 153.5 79.0
204 114.0 172.5 183.0
205 128.0 103.5 151.0
206 75.0 162.5 157.0
207 204.0 204.5 226.0
208 12.0 137.5 176.0
209 96.0 110.5 187.0
210 99.0 49.5 22.0
211 385.0 192.5 145.0
212 153.0 192.5 224.0
213 117.0 81.5 40.0
214 24.0 107.5 146.0
215 148.0 179.5 183.0
216 306.0 150.5 84.0
217 285.0 149.5 79.0
218 147.0 53.5 22.0
219 161.0 87.5 90.0
220 302.0 172.5 225.0
221 64.0 86.5 1.0
222 211.0 193.5 120.0
223 292.0 225.5 204.0
224 317.0 101.5 53.0
225 256.0 156.5 49.0
226 389.0 170.5 102.0
227 198.0 84.5 59.0
228 106.0 133.5 141.0
229 166.0 138.5 18.0
230 169.0 153.5 225.0
231 231.0 185.5 115.0
232 161.0 114.5 121.0
233 194.0 174.5 223.0
234 164.0 112.5 0.0
235 99.0 132.5 167.0
236 396.0 170.5 140.0
237 60.0 108.5 121.0
238 101.0 103.5 12.0
239 147.0 150.5 102.0
240 344.0 225.5 244.0
241 165.0 71.5 53.0
242 171.0 58.5 23.0
243 189.0 113.5 103.0
244 235.0 110.5 167.0
245 168.0 99.5 141.0
246 235.0 146.5 100.0
247 199.0 107.5 41.0
248 360.0 160.5 90.0
249 29.0 98.5 167.0
250 332.0 184.5 161.0
251 355.0 142.5 36.0
252 358.0 149.5 100.0
253 17.0 85.5 141.0
254 239.0 211.5 204.0
255 362.0 155.5 121.0
256 374.0 157.5 121.0
257 352.0 152.5 204.0
258 391.0 159.5 121.0
259 94.0 129.5 164.0
260 248.0 218.5 167.0
261 142.0 59.5 38.0
262 147.0 147.5 205.0
263 231.0 171.5 228.0
264 246.0 126.5 64.0
265 305.0 139.5 142.0
266 207.0 140.5 41.0
267 294.0 186.5 100.0
268 226.0 177.5 204.0
269 184.0 128.5 182.0
270 81.0 34.5 12.0
271 367.0 113.5 64.0
272 43.0 116.5 115.0
273 254.0 202.5 110.0
274 336.0 142.5 102.0
275 146.0 106.5 0.0
276 214.0 124.5 121.0
277 241.0 106.5 128.0
278 290.0 132.5 102.0
279 195.0 214.5 203.0
280 299.0 152.5 41.0
281 36.0 121.5 223.0
282 273.0 142.5 164.0
283 173.0 135.5 228.0
284 181.0 188.5 152.0
285 324.0 179.5 167.0
286 102.0 144.5 204.0
287 341.0 151.5 121.0
288 304.0 219.5 158.0
289 299.0 149.5 121.0
290 147.0 154.5 86.0
291 116.0 140.5 149.0
292 210.0 160.5 65.0
293 201.0 150.5 107.0
294 158.0 152.5 212.0
295 210.0 205.5 205.0
296 226.0 211.5 229.0
297 103.0 143.5 65.0
298 351.0 155.5 174.0
299 121.0 69.5 75.0
300 178.0 133.5 107.0
301 88.0 176.5 200.0
302 370.0 131.5 10.0
303 81.0 104.5 168.0
304 323.0 111.5 29.0
305 116.0 56.5 75.0
306 167.0 179.5 149.0
307 276.0 122.5 168.0
308 244.0 113.5 86.0
309 363.0 205.5 189.0
310 187.0 185.5 212.0
311 88.0 182.5 174.0
312 106.0 168.5 149.0
313 214.0 179.5 85.0
314 323.0 132.5 24.0
315 64.0 130.5 168.0
316 97.0 106.5 86.0
317 181.0 174.5 85.0
318 14.0 141.5 162.0
319 123.0 158.5 200.0
320 391.0 193.5 148.0
321 245.0 213.5 205.0
322 166.0 117.5 83.0
323 245.0 144.5 200.0
324 159.0 165.5 211.0
325 370.0 176.5 186.0
326 100.0 36.5 25.0
327 393.0 174.5 97.0
328 308.0 160.5 235.0
329 310.0 157.5 192.0
330 150.0 127.5 44.0
331 117.0 103.5 22.0
332 121.0 158.5 189.0
333 376.0 175.5 211.0
334 380.0 178.5 186.0
335 378.0 145.5 85.0
336 178.0 116.5 75.0
337 285.0 186.5 189.0
338 23.0 118.5 122.0
339 112.0 60.5 86.0
340 162.0 198.5 174.0
341 361.0 188.5 29.0
342 329.0 205.5 97.0
343 189.0 163.5 85.0
344 106.0 58.5 86.0
345 370.0 198.5 107.0
346 386.0 137.5 49.0
347 199.0 134.5 189.0
348 181.0 75.5 22.0
349 84.0 141.5 148.0
350 251.0 204.5 138.0
351 245.0 139.5 4.0
352 31.0 144.5 148.0
353 215.0 207.5 211.0
354 109.0 121.5 65.0
355 87.0 102.5 149.0
356 256.0 213.5 211.0
357 272.0 146.5 186.0
358 136.0 99.5 149.0
359 116.0 102.5 65.0
360 220.0 98.5 65.0
361 310.0 186.5 138.0
362 259.0 106.5 75.0
363 368.0 180.5 41.0
364 157.0 93.5 49.0
365 318.0 128.5 44.0
366 350.0 162.5 122.0
367 211.0 94.5 65.0
368 373.0 168.5 125.0
369 6.0 135.5 193.0
370 397.0 182.5 71.0
371 362.0 143.5 47.0
372 44.0 125.5 126.0
373 382.0 161.5 138.0
374 131.0 186.5 169.0
375 161.0 142.5 111.0
376 145.0 174.5 147.0
377 20.0 122.5 132.0
378 154.0 113.5 21.0
379 323.0 178.5 240.0
380 127.0 46.5 24.0
381 200.0 114.5 132.0
382 334.0 164.5 188.0
383 263.0 217.5 186.0
384 348.0 182.5 124.0
385 168.0 162.5 126.0
386 411.0 155.5 46.0
387 138.0 106.5 193.0
388 295.0 136.5 147.0
389 180.0 163.5 187.0
390 305.0 153.5 126.0
391 230.0 148.5 188.0
392 306.0 129.5 125.0
393 345.0 138.5 88.0
394 136.0 133.5 88.0
395 127.0 114.5 211.0
396 181.0 137.5 229.0
397 149.0 124.5 96.0
398 171.0 103.5 147.0
399 317.0 160.5 45.0
400 201.0 145.5 124.0
401 22.0 112.5 150.0
402 327.0 158.5 168.0
403 344.0 164.5 168.0
404 129.0 112.5 169.0
405 355.0 180.5 40.0
406 95.0 154.5 106.0
407 371.0 196.5 132.0
408 148.0 150.5 66.0
409 146.0 104.5 188.0
410 188.0 141.5 46.0
411 344.0 171.5 137.0
412 372.0 173.5 163.0
413 273.0 132.5 150.0
414 326.0 130.5 150.0
415 306.0 120.5 137.0
416 101.0 92.5 101.0
417 121.0 120.5 35.0
418 33.0 107.5 107.0
419 56.0 171.5 193.0
420 132.0 83.5 113.0
421 168.0 149.5 150.0
422 137.0 159.5 209.0
423 371.0 180.5 9.0
424 201.0 82.5 29.0
425 273.0 146.5 150.0
426 166.0 97.5 46.0
427 260.0 117.5 169.0
428 391.0 161.5 132.0
429 181.0 79.5 29.0
430 105.0 78.5 147.0
431 154.0 192.5 193.0
432 79.0 143.5 96.0
433 394.0 142.5 96.0
434 317.0 227.5 168.0
435 379.0 179.5 106.0
436 256.0 129.5 137.0
437 206.0 149.5 132.0
438 137.0 70.5 88.0
439 366.0 196.5 111.0
440 314.0 147.5 76.0
441 168.0 169.5 199.0
442 164.0 181.5 209.0
443 108.0 185.5 194.0
444 91.0 56.5 8.0
445 66.0 154.5 154.0
446 140.0 70.5 30.0
447 198.0 182.5 237.0
448 135.0 157.5 185.0
449 321.0 161.5 95.0
450 353.0 160.5 234.0
451 288.0 169.5 221.0
452 340.0 143.5 57.0
453 77.0 139.5 133.0
454 77.0 38.5 20.0
455 393.0 187.5 27.0
456 210.0 169.5 95.0
457 233.0 121.5 195.0
458 352.0 132.5 133.0
459 38.0 80.5 14.0
460 53.0 113.5 108.0
461 139.0 111.5 123.0
462 18.0 118.5 154.0
463 156.0 89.5 7.0
464 233.0 116.5 154.0
465 35.0 83.5 96.0
466 375.0 137.5 95.0
467 121.0 139.5 197.0
468 309.0 202.5 221.0
469 136.0 97.5 57.0
470 115.0 162.5 133.0
471 283.0 188.5 237.0
472 100.0 186.5 170.0
473 296.0 179.5 88.0
474 252.0 143.5 30.0
475 174.0 147.5 197.0
476 143.0 118.5 216.0
477 228.0 161.5 215.0
478 128.0 134.5 30.0
479 368.0 193.5 215.0
480 296.0 201.5 246.0
481 280.0 166.5 30.0
482 180.0 161.5 94.0
483 184.0 184.5 195.0
484 116.0 179.5 195.0
485 384.0 203.5 154.0
486 33.0 54.5 50.0
487 153.0 148.5 71.0
488 51.0 106.5 30.0
489 100.0 60.5 9.0
490 290.0 151.5 221.0
491 221.0 198.5 234.0
492 313.0 195.5 234.0
493 156.0 201.5 195.0
494 224.0 191.5 197.0
495 364.0 195.5 88.0
496 33.0 88.5 136.0
497 122.0 58.5 45.0
498 57.0 169.5 170.0
499 349.0 175.5 70.0
500 135.0 63.5 45.0
501 25.0 121.5 94.0
502 189.0 80.5 8.0
503 279.0 171.5 57.0
504 293.0 169.5 109.0
505 263.0 146.5 5.0
506 157.0 106.5 94.0
507 389.0 167.5 143.0
508 372.0 212.5 235.0
509 381.0 166.5 143.0
510 171.0 157.5 87.0
511 255.0 141.5 5.0
512 68.0 149.5 109.0
513 191.0 68.5 50.0
514 302.0 106.5 72.0
515 40.0 44.5 44.0
516 106.0 150.5 198.0
517 55.0 50.5 117.0
518 109.0 127.5 81.0
519 333.0 234.5 192.0
520 199.0 89.5 122.0
521 264.0 173.5 81.0
522 122.0 108.5 32.0
523 385.0 156.5 97.0
524 386.0 145.5 131.0
525 393.0 118.5 32.0
526 320.0 142.5 72.0
527 154.0 57.5 56.0
528 241.0 103.5 122.0
529 321.0 113.5 109.0
530 124.0 55.5 10.0
531 349.0 147.5 72.0
532 313.0 123.5 93.0
533 292.0 124.5 93.0
534 344.0 183.5 143.0
535 86.0 75.5 20.0
536 393.0 152.5 50.0
537 291.0 158.5 184.0
538 261.0 217.5 190.0
539 124.0 69.5 32.0
540 69.0 102.5 185.0
541 105.0 59.5 26.0
542 108.0 150.5 184.0
543 144.0 92.5 20.0
544 208.0 108.5 87.0
545 120.0 66.5 26.0
546 336.0 172.5 69.0
547 265.0 128.5 200.0
548 336.0 185.5 222.0
549 374.0 178.5 72.0
550 245.0 138.5 82.0
551 265.0 163.5 69.0
552 121.0 125.5 82.0
553 320.0 137.5 191.0
554 65.0 161.5 179.0
555 71.0 36.5 32.0
556 320.0 115.5 20.0
557 231.0 204.5 236.0
558 184.0 130.5 87.0
559 208.0 99.5 97.0
560 222.0 137.5 143.0
561 281.0 221.5 216.0
562 158.0 110.5 56.0
563 47.0 123.5 185.0
564 152.0 150.5 82.0
565 280.0 93.5 51.0
566 318.0 160.5 191.0
567 177.0 182.5 184.0
568 293.0 132.5 20.0
569 314.0 174.5 82.0
570 378.0 211.5 184.0
571 248.0 218.5 222.0
572 42.0 105.5 133.0
573 244.0 79.5 99.0
574 227.0 86.5 155.0
575 399.0 194.5 238.0
576 272.0 129.5 217.0
577 407.0 186.5 68.0
578 3.0 111.5 155.0
579 25.0 100.5 55.0
580 413.0 165.5 217.0
581 370.0 134.5 155.0
582 146.0 158.5 243.0
583 206.0 181.5 74.0
584 125.0 67.5 160.0
585 409.0 129.5 77.0
586 109.0 20.5 99.0
587 124.0 201.5 179.0
588 302.0 127.5 180.0
589 17.0 57.5 18.0
590 417.0 117.5 74.0
591 391.0 202.5 92.0
592 36.0 53.5 13.0
593 402.0 163.5 119.0
594 14.0 154.5 202.0
595 382.0 113.5 104.0
596 34.0 114.5 232.0
597 24.0 48.5 13.0
598 405.0 165.5 160.0
599 325.0 140.5 207.0
600 77.0 148.5 68.0
601 28.0 41.5 158.0
602 316.0 103.5 129.0
603 214.0 193.5 55.0
604 125.0 156.5 67.0
605 12.0 113.5 52.0
606 87.0 153.5 77.0
607 116.0 37.5 16.0
608 343.0 236.5 136.0
609 42.0 39.5 183.0
610 307.0 230.5 238.0
611 180.0 70.5 6.0
612 233.0 229.5 227.0
613 418.0 144.5 105.0
614 206.0 87.5 144.0
615 66.0 13.5 79.0
616 375.0 109.5 78.0
617 84.0 54.5 169.0
618 170.0 46.5 11.0
619 212.0 211.5 164.0
620 3.0 1.5 40.0
621 147.0 46.5 90.0
622 28.0 111.5 66.0
623 385.0 241.5 214.0
624 416.0 149.5 2.0
625 415.0 132.5 60.0
626 298.0 89.5 105.0
627 419.0 189.5 176.0
628 393.0 217.5 101.0
629 58.0 179.5 142.0
630 104.0 59.5 156.0
631 401.0 209.5 121.0
632 254.0 215.5 240.0
633 400.0 205.5 0.0
634 156.0 80.5 167.0
635 329.0 228.5 76.0
636 25.0 61.5 40.0
637 270.0 219.5 240.0
638 364.0 185.5 0.0
639 160.0 180.5 79.0
640 409.0 127.5 59.0
641 14.0 30.5 141.0
642 360.0 105.5 17.0
643 19.0 24.5 60.0
644 150.0 137.5 12.0
645 262.0 143.5 248.0
646 323.0 127.5 166.0
647 241.0 88.5 126.0
648 415.0 113.5 17.0
649 410.0 161.5 146.0
650 139.0 145.5 23.0
651 415.0 229.5 244.0
652 82.0 112.5 0.0
653 157.0 151.5 249.0
654 114.0 21.5 64.0
655 12.0 25.5 104.0
656 144.0 197.5 244.0
657 401.0 138.5 103.0
658 61.0 33.5 83.0
659 167.0 65.5 0.0
660 240.0 218.5 167.0
661 7.0 78.5 23.0
662 251.0 218.5 146.0
663 228.0 199.5 110.0
664 6.0 86.5 182.0
665 122.0 43.5 75.0
666 221.0 85.5 110.0
667 199.0 127.5 230.0
668 209.0 203.5 127.0
669 13.0 134.5 213.0
670 418.0 207.5 148.0
671 175.0 184.5 241.0
672 405.0 185.5 47.0
673 399.0 221.5 125.0
674 61.0 49.5 149.0
675 56.0 41.5 168.0
676 82.0 144.5 241.0
677 261.0 222.5 102.0
678 335.0 110.5 126.0
679 147.0 194.5 240.0
680 383.0 128.5 132.0
681 249.0 63.5 27.0
682 353.0 86.5 28.0
683 1.0 92.5 106.0
684 57.0 38.5 101.0
685 418.0 188.5 46.0
686 410.0 145.5 88.0
687 398.0 203.5 169.0
688 24.0 132.5 101.0
689 137.0 55.5 3.0
690 26.0 61.5 21.0
691 251.0 92.5 125.0
692 21.0 123.5 229.0
693 251.0 112.5 169.0
694 46.0 44.5 125.0
695 130.0 144.5 28.0
696 29.0 20.5 47.0
697 397.0 202.5 9.0
698 171.0 155.5 250.0
699 409.0 156.5 95.0
700 111.0 195.5 194.0
701 236.0 201.5 118.0
702 26.0 84.5 30.0
703 110.0 175.5 123.0
704 223.0 114.5 209.0
705 8.0 109.5 70.0
706 382.0 103.5 7.0
707 205.0 192.5 94.0
708 174.0 41.5 35.0
709 206.0 57.5 20.0
710 199.0 46.5 45.0
711 29.0 52.5 92.0
712 0.0 106.5 95.0
713 67.0 4.5 96.0
714 157.0 152.5 27.0
715 194.0 87.5 184.0
716 407.0 172.5 20.0
717 349.0 157.5 246.0
718 189.0 192.5 87.0
719 396.0 147.5 131.0
720 3.0 87.5 135.0
721 123.0 121.5 236.0
722 164.0 142.5 8.0
723 27.0 25.5 74.0
724 4.0 95.5 200.0
725 252.0 123.5 200.0
726 143.0 88.5 174.0
727 252.0 74.5 51.0
728 294.0 144.5 237.0
729 85.0 125.5 20.0
730 150.0 117.5 237.0
731 12.0 11.5 44.0
732 4.0 159.5 173.0
733 420.0 139.0 30.3
734 420.0 147.5 111.4
735 420.0 146.3 84.9
736 420.0 152.2 134.4
737 382.9 104.4 0.0
738 420.0 155.3 174.0
739 0.0 55.1 156.7
740 392.8 97.0 0.0
741 0.0 32.0 63.2
742 0.0 33.1 44.7
743 367.4 115.8 0.0
744 0.0 0.0 20.2
745 0.0 50.6 104.7
746 193.1 77.6 0.0
747 93.2 57.8 0.0
748 68.0 49.3 0.0
749 420.0 174.3 162.3
750 414.8 147.6 0.0
751 237.8 81.9 0.0
752 0.0 59.2 127.2
753 420.0 177.2 235.1
754 160.7 107.5 250.0
755 420.0 189.1 136.6
756 343.3 167.5 250.0
757 143.2 69.3 0.0
758 420.0 217.6 171.6
759 420.0 186.0 207.5
760 420.0 206.3 21.3
761 0.0 64.0 89.6
762 0.0 83.9 133.7
763 420.0 208.9 149.4
764 381.8 180.0 0.0
765 420.0 196.8 154.3
766 111.2 133.3 250.0
767 0.0 46.4 36.7
768 0.0 114.0 128.6
769 420.0 193.3 76.2
770 420.0 207.7 212.1
771 0.0 139.8 140.5
772 351.6 180.8 0.0
773 420.0 224.7 233.4
774 213.5 215.0 250.0
775 0.0 65.0 52.0
776 0.0 135.0 156.4
777 0.0 83.5 182.0
778 358.9 194.4 250.0
779 0.0 135.7 172.4
780 346.5 224.9 250.0
781 0.0 158.5 172.3
782 0.0 83.2 210.2
783 60.3 85.4 0.0
784 0.0 92.0 88.6
785 87.7 94.0 0.0
786 315.3 165.9 0.0
787 189.3 123.2 0.0
788 185.8 120.5 0.0
789 226.8 93.0 0.0
790 315.0 113.3 0.0
791 305.6 114.0 0.0
792 187.5 79.0 0.0
793 184.7 75.8 0.0
794 186.3 78.1 0.0
795 231.3 93.7 0.0
796 420.0 180.8 97.0
797 420.0 182.0 98.3
798 420.0 216.2 192.3
799 404.7 136.3 0.0
800 0.0 56.3 72.6
801 165.5 65.9 0.0
802 165.5 64.0 0.0
803 402.6 135.9 0.0
804 420.0 171.2 75.3
805 420.0 174.5 83.5
806 420.0 217.9 193.7
807 420.0 161.0 50.8
808 0.0 59.5 99.1
809 0.0 87.1 135.4
810 0.0 89.1 135.2
811 0.0 89.7 138.8
812 318.3 206.2 250.0
813 0.0 83.3 59.2
814 0.0 84.6 53.9
815 282.5 173.2 250.0
816 336.2 221.3 250.0
817 239.0 164.8 250.0
818 251.4 168.3 250.0
819 130.9 118.2 0.0
820 207.2 167.7 250.0
821 136.8 112.8 0.0
822 114.0 108.0 0.0
823 307.3 177.1 250.0
372 Number of boundary nodes
Node Bctype Press / Flow
8 6 0.112482 0.400 50.000
10 6 0.117537 0.400 50.000
12 6 0.001235 0.400 50.000
13 9 -0.239450 0.400 50.000
14 9 -0.000916 0.400 50.000
16 9 -0.333013 0.400 50.000
22 9 -0.113841 0.400 50.000
23 9 -0.096828 0.400 50.000
25 6 0.091812 0.400 50.000
28 9 -0.018639 0.400 50.000
29 9 -0.127652 0.400 50.000
38 6 0.878668 0.400 50.000
45 6 0.038579 0.400 50.000
46 6 0.002826 0.400 50.000
52 6 0.047672 0.400 50.000
53 9 -0.044796 0.400 50.000
54 9 -0.091828 0.400 50.000
55 6 0.055759 0.400 50.000
56 6 0.090636 0.400 50.000
59 9 -0.783137 0.400 50.000
64 9 -0.049693 0.400 50.000
66 6 0.076713 0.400 50.000
67 6 0.323008 0.400 50.000
78 6 0.049696 0.400 50.000
79 6 0.307660 0.400 50.000
80 9 -0.067436 0.400 50.000
84 9 -0.217744 0.400 50.000
89 9 -0.133048 0.400 50.000
92 6 0.237240 0.400 50.000
95 6 0.007905 0.400 50.000
98 9 -0.060766 0.400 50.000
105 9 -0.015612 0.400 50.000
107 6 0.312421 0.400 50.000
108 6 0.007108 0.400 50.000
112 9 -0.128721 0.400 50.000
116 9 -0.030313 0.400 50.000
117 9 -2.020208 0.400 50.000
119 6 0.031149 0.400 50.000
126 9 -0.131746 0.400 50.000
127 9 -0.014484 0.400 50.000
128 6 0.129645 0.400 50.000
130 6 0.196258 0.400 50.000
132 9 -0.127801 0.400 50.000
135 9 -0.277309 0.400 50.000
137 9 -0.039563 0.400 50.000
138 7 -1.188578 0.400 50.000
143 9 -0.061776 0.400 50.000
144 6 0.018471 0.400 50.000
149 6 0.199680 0.400 50.000
154 9 -0.054528 0.400 50.000
155 9 -0.049872 0.400 50.000
157 6 0.078069 0.400 50.000
159 9 -1.230935 0.400 50.000
162 5 3.197413 0.400 50.000
163 9 -0.300363 0.400 50.000
164 9 -0.101118 0.400 50.000
165 6 0.033057 0.400 50.000
173 6 0.125185 0.400 50.000
176 6 0.003934 0.400 50.000
179 6 0.182848 0.400 50.000
186 6 0.097931 0.400 50.000
187 6 0.023166 0.400 50.000
190 9 -0.146201 0.400 50.000
192 9 -0.030952 0.400 50.000
193 6 0.005864 0.400 50.000
196 9 -0.205594 0.400 50.000
202 6 1.063082 0.400 50.000
203 9 -0.753446 0.400 50.000
205 6 0.146374 0.400 50.000
208 9 -0.044931 0.400 50.000
216 6 0.021196 0.400 50.000
231 9 -0.089637 0.400 50.000
232 6 0.037378 0.400 50.000
233 9 -0.069592 0.400 50.000
234 9 -0.999826 0.400 50.000
235 9 -0.183486 0.400 50.000
236 9 -0.000010 0.400 50.000
243 6 0.110403 0.400 50.000
247 9 -0.087164 0.400 50.000
248 9 -0.296435 0.400 50.000
253 6 0.018485 0.400 50.000
261 9 -0.034450 0.400 50.000
267 9 -0.505308 0.400 50.000
270 9 -0.243548 0.400 50.000
275 6 0.299898 0.400 50.000
279 9 -0.009588 0.400 50.000
284 9 -0.044399 0.400 50.000
285 6 0.776891 0.400 50.000
293 6 0.112132 0.400 50.000
294 6 0.058318 0.400 50.000
296 9 -0.023799 0.400 50.000
301 6 0.083762 0.400 50.000
309 9 -0.031228 0.400 50.000
311 6 0.121357 0.400 50.000
312 9 -0.030911 0.400 50.000
314 9 -0.046104 0.400 50.000
317 6 0.091239 0.400 50.000
321 6 0.088862 0.400 50.000
322 9 -0.193272 0.400 50.000
324 6 0.019308 0.400 50.000
328 6 0.023407 0.400 50.000
335 6 0.053067 0.400 50.000
338 6 0.046578 0.400 50.000
340 6 0.022495 0.400 50.000
341 9 -0.143070 0.400 50.000
350 9 -0.011937 0.400 50.000
351 6 0.019089 0.400 50.000
357 9 -0.044292 0.400 50.000
358 6 0.121587 0.400 50.000
359 6 0.055748 0.400 50.000
360 6 0.218652 0.400 50.000
369 9 -0.039805 0.400 50.000
375 9 -0.195031 0.400 50.000
384 6 0.009675 0.400 50.000
385 9 -0.132797 0.400 50.000
387 9 -0.207425 0.400 50.000
391 6 0.017387 0.400 50.000
404 9 -0.081611 0.400 50.000
409 6 0.112272 0.400 50.000
411 6 0.050956 0.400 50.000
418 6 0.382867 0.400 50.000
419 6 0.066489 0.400 50.000
426 9 -0.312514 0.400 50.000
431 9 -0.100913 0.400 50.000
434 9 -0.135087 0.400 50.000
437 9 -1.196307 0.400 50.000
438 6 0.063780 0.400 50.000
443 6 0.025900 0.400 50.000
453 9 -0.046804 0.400 50.000
460 6 0.101340 0.400 50.000
463 9 -0.020521 0.400 50.000
467 6 0.039042 0.400 50.000
471 6 0.026733 0.400 50.000
472 6 0.115132 0.400 50.000
475 9 -0.013745 0.400 50.000
481 9 -0.063986 0.400 50.000
485 6 0.113112 0.400 50.000
486 6 0.070764 0.400 50.000
493 9 -0.051643 0.400 50.000
494 6 0.058524 0.400 50.000
498 6 0.056862 0.400 50.000
503 9 -0.027636 0.400 50.000
505 9 -0.001952 0.400 50.000
507 9 -0.000019 0.400 50.000
514 9 -0.068262 0.400 50.000
519 6 0.056819 0.400 50.000
520 9 -0.029752 0.400 50.000
522 9 -0.518439 0.400 50.000
523 9 -0.105045 0.400 50.000
530 9 -0.013176 0.400 50.000
534 9 -0.176558 0.400 50.000
537 6 0.196900 0.400 50.000
543 9 -0.289529 0.400 50.000
552 9 -0.090413 0.400 50.000
553 6 1.465533 0.400 50.000
554 6 0.056990 0.400 50.000
558 9 -0.073516 0.400 50.000
560 6 0.051464 0.400 50.000
563 9 -0.150260 0.400 50.000
568 9 -1.588347 0.400 50.000
572 6 0.065982 0.400 50.000
573 6 0.253837 0.400 50.000
574 9 -0.206063 0.400 50.000
575 6 0.361084 0.400 50.000
576 9 -0.056562 0.400 50.000
577 7 -2.371591 0.400 50.000
578 9 -0.595544 0.400 50.000
580 9 -0.576448 0.400 50.000
581 9 -0.587411 0.400 50.000
582 9 -0.041400 0.400 50.000
584 6 0.552974 0.400 50.000
585 9 -0.263964 0.400 50.000
586 8 -13.210614 0.400 50.000
587 9 -0.018545 0.400 50.000
589 6 0.233567 0.400 50.000
590 6 0.673997 0.400 50.000
591 6 0.846523 0.400 50.000
592 9 -0.299898 0.400 50.000
593 9 -0.372234 0.400 50.000
594 6 0.039805 0.400 50.000
595 6 0.582696 0.400 50.000
596 6 0.579605 0.400 50.000
597 6 0.192125 0.400 50.000
599 6 2.231242 0.400 50.000
600 9 -0.383346 0.400 50.000
601 9 -0.303514 0.400 50.000
602 6 0.742371 0.400 50.000
603 7 -0.191001 0.400 50.000
605 9 -0.726086 0.400 50.000
607 6 0.235176 0.400 50.000
608 9 -0.127030 0.400 50.000
609 6 0.176553 0.400 50.000
610 9 -0.410543 0.400 50.000
612 6 0.034977 0.400 50.000
613 9 -0.681570 0.400 50.000
614 6 0.755311 0.400 50.000
615 6 0.168771 0.400 50.000
617 9 -0.319451 0.400 50.000
618 9 -0.008722 0.400 50.000
619 9 -0.007905 0.400 50.000
620 9 -0.168596 0.400 50.000
621 8 -4.146969 0.400 50.000
623 5 57.092091 0.400 50.000
624 6 2.238526 0.400 50.000
625 9 -0.317587 0.400 50.000
626 6 0.787048 0.400 50.000
627 9 -0.736571 0.400 50.000
628 9 -0.018121 0.400 50.000
629 9 -0.059707 0.400 50.000
631 9 -0.118741 0.400 50.000
632 6 0.116985 0.400 50.000
634 7 -5.344326 0.400 50.000
635 9 -1.063082 0.400 50.000
637 7 -1.243225 0.400 50.000
638 9 -0.387352 0.400 50.000
640 9 -0.276665 0.400 50.000
641 9 -0.348818 0.400 50.000
642 6 0.452187 0.400 50.000
643 6 0.018639 0.400 50.000
644 6 0.562274 0.400 50.000
645 9 -0.167473 0.400 50.000
647 9 -0.140203 0.400 50.000
648 6 0.818413 0.400 50.000
649 9 -0.138115 0.400 50.000
650 9 -0.312136 0.400 50.000
651 9 -0.136873 0.400 50.000
652 6 0.121783 0.400 50.000
653 9 -0.102391 0.400 50.000
654 6 0.815454 0.400 50.000
655 6 0.591964 0.400 50.000
656 9 -0.013909 0.400 50.000
658 6 0.010824 0.400 50.000
660 6 0.140589 0.400 50.000
661 9 -1.012203 0.400 50.000
662 6 0.262117 0.400 50.000
663 6 0.051487 0.400 50.000
666 6 0.102031 0.400 50.000
668 6 0.204447 0.400 50.000
669 6 0.146201 0.400 50.000
671 9 -0.011538 0.400 50.000
672 9 -0.195850 0.400 50.000
673 9 -0.067311 0.400 50.000
675 6 0.573267 0.400 50.000
676 9 -0.433862 0.400 50.000
677 7 -1.194823 0.400 50.000
678 6 0.619048 0.400 50.000
680 6 1.268566 0.400 50.000
681 5 12.624033 0.400 50.000
682 9 -0.090134 0.400 50.000
683 6 0.245905 0.400 50.000
685 9 -0.055759 0.400 50.000
687 9 -0.305845 0.400 50.000
688 6 0.057643 0.400 50.000
689 6 0.013176 0.400 50.000
691 9 -0.256235 0.400 50.000
692 9 -0.145743 0.400 50.000
694 9 -0.020272 0.400 50.000
695 6 0.461171 0.400 50.000
698 9 -0.035429 0.400 50.000
699 9 -0.259626 0.400 50.000
700 9 -0.115132 0.400 50.000
703 9 -0.134390 0.400 50.000
704 9 -0.431634 0.400 50.000
705 6 0.149042 0.400 50.000
708 6 1.157004 0.400 50.000
710 9 -0.981669 0.400 50.000
711 8 -4.607713 0.400 50.000
712 6 0.195305 0.400 50.000
713 5 11.126438 0.400 50.000
714 6 1.006032 0.400 50.000
715 9 -0.611370 0.400 50.000
716 5 1.106875 0.400 50.000
717 6 0.144991 0.400 50.000
718 5 0.387258 0.400 50.000
722 6 0.818907 0.400 50.000
723 9 -0.140578 0.400 50.000
724 9 -0.565172 0.400 50.000
727 9 -1.814551 0.400 50.000
728 9 -0.400810 0.400 50.000
729 9 -0.143881 0.400 50.000
731 9 -0.257544 0.400 50.000
733 9 -0.321198 0.400 50.000
734 6 0.130388 0.400 50.000
735 9 -0.045823 0.400 50.000
736 9 -0.732588 0.400 50.000
737 9 -2.533760 0.400 50.000
738 9 -0.584218 0.400 50.000
739 4 2.840614 0.400 50.000
740 9 -0.229544 0.400 50.000
741 6 0.423113 0.400 50.000
742 9 -0.365493 0.400 50.000
743 6 0.429005 0.400 50.000
744 6 1.003194 0.400 50.000
745 9 -0.192035 0.400 50.000
746 9 -0.530061 0.400 50.000
747 9 -0.297093 0.400 50.000
748 9 -0.103724 0.400 50.000
749 6 0.467722 0.400 50.000
750 9 -2.238526 0.400 50.000
751 8 -37.664433 0.400 50.000
752 6 0.111954 0.400 50.000
753 6 0.201696 0.400 50.000
754 6 3.018852 0.400 50.000
755 9 -0.338470 0.400 50.000
756 9 -0.028560 0.400 50.000
757 9 -0.283976 0.400 50.000
758 9 -0.182848 0.400 50.000
759 6 0.463129 0.400 50.000
760 9 -0.925912 0.400 50.000
761 9 -0.059651 0.400 50.000
762 6 0.072881 0.400 50.000
763 9 -0.339290 0.400 50.000
764 6 0.206390 0.400 50.000
765 9 -0.252088 0.400 50.000
766 6 1.262967 0.400 50.000
767 9 -0.231926 0.400 50.000
768 9 -0.299133 0.400 50.000
769 9 -0.119702 0.400 50.000
770 9 -0.294953 0.400 50.000
771 9 -0.116423 0.400 50.000
772 6 0.113841 0.400 50.000
773 6 0.318668 0.400 50.000
774 6 0.221821 0.400 50.000
775 6 0.134274 0.400 50.000
776 9 -0.484724 0.400 50.000
777 9 -2.143236 0.400 50.000
778 9 -0.274502 0.400 50.000
779 6 0.044931 0.400 50.000
780 9 -0.196698 0.400 50.000
781 9 -0.051684 0.400 50.000
782 6 0.469852 0.400 50.000
783 6 0.220310 0.400 50.000
784 9 -0.076713 0.400 50.000
785 6 0.344499 0.400 50.000
786 6 0.096828 0.400 50.000
787 6 0.898650 0.400 50.000
788 6 0.101177 0.400 50.000
789 8 -0.034643 0.400 50.000
790 5 3.138881 0.400 50.000
791 8 -12.278855 0.400 50.000
792 9 -0.208951 0.400 50.000
793 9 -0.878251 0.400 50.000
794 6 1.586328 0.400 50.000
795 6 0.626627 0.400 50.000
796 9 -0.577348 0.400 50.000
797 6 0.077075 0.400 50.000
798 9 -0.071719 0.400 50.000
799 9 -0.138088 0.400 50.000
800 9 -0.747900 0.400 50.000
801 6 0.870414 0.400 50.000
802 9 -0.789639 0.400 50.000
803 9 -0.873403 0.400 50.000
804 6 0.633833 0.400 50.000
805 6 0.550200 0.400 50.000
806 9 -0.139720 0.400 50.000
807 9 -1.982481 0.400 50.000
808 9 -0.035762 0.400 50.000
809 9 -0.156004 0.400 50.000
810 6 0.022478 0.400 50.000
811 6 0.030936 0.400 50.000
812 6 0.205885 0.400 50.000
813 6 0.110363 0.400 50.000
814 9 -0.389623 0.400 50.000
815 6 0.427995 0.400 50.000
816 6 0.081671 0.400 50.000
817 9 -0.599342 0.400 50.000
818 9 -0.269882 0.400 50.000
819 9 -0.121255 0.400 50.000
820 6 0.076829 0.400 50.000
821 6 0.596927 0.400 50.000
822 6 0.315623 0.400 50.000
823 6 0.280596 0.400 50.000
