Coronary sub-network subnetD2Crop AFS 16/01/2014
420  241  250	box dimensions in microns
21   12   13     number of tissue points in x,y,z directions
10			outer bound distance
25			max. segment length
6			maximum number of segments per node
927			total number of segments
SegName	Type	Start Node	End Node	Diameter	Flow	Hd
1 5 147 733 4.98 -1.064535 0.40
2 5 719 734 5.87 2.151458 0.40
3 5 686 735 3.82 -0.774301 0.40
4 5 524 736 5.60 1.599401 0.40
5 5 706 737 6.58 -3.600754 0.40
6 5 110 738 6.13 2.237171 0.40
7 5 161 739 9.65 5.453431 0.40
8 5 706 740 4.50 0.927215 0.40
9 5 506 741 4.76 1.161887 0.40
10 5 515 742 4.86 -1.748896 0.40
11 5  82 743 5.47 -1.666132 0.40
12 5 555 744 6.52 2.517336 0.40
13 5 169 745 4.44 0.936037 0.40
14 5 611 746 6.04 -2.048699 0.40
15 5 444 747 4.73 1.533653 0.40
16 5 444 748 3.96 0.595756 0.40
17 5 598 749 5.20 2.078902 0.40
18 5 624 750 7.96 5.126458 0.40
19 5 102 751 15.31 40.995968 0.40
20 5 496 752 3.94 -0.567988 0.40
21 5 450 753 4.46 -1.075102 0.40
22 5 730 754 6.94 -7.221199 0.40
23 5 156 755 5.67 -1.951097 0.40
24 5  18 756 2.98 -0.223276 0.40
25 5 545 757 4.83 -1.016678 0.40
26 5 179 758 4.38 -0.845246 0.40
27 5 333 759 5.02 -1.578550 0.40
28 5 455 760 6.37 -3.272213 0.40
29 5 465 761 3.52 0.329648 0.40
30 5 720 762 3.89 -0.447276 0.40
31 5 670 763 5.16 -1.968286 0.40
32 5 455 764 4.47 0.889009 0.40
33 5 320 765 5.13 -1.568824 0.40
34 5 721 766 5.98 -3.866705 0.40
35 5 636 767 4.65 -0.858818 0.40
36 5 377 768 5.92 -0.580485 0.40
37 5 370 769 4.18 -0.680083 0.40
38 5 479 770 4.95 1.517966 0.40
39 5 352 771 3.90 0.510047 0.40
40 5  22 772 3.93 -0.547488 0.40
41 5 508 773 4.83 -0.680105 0.40
42 5 557 774 7.18 3.108525 0.40
43 5 121 775 3.95 0.528444 0.40
44 5 318 776 4.97 -2.269988 0.40
45 5 664 777 7.56 10.021351 0.40
46 5   1 778 4.70 -0.979704 0.40
47 5 208 779 3.21 0.236763 0.40
48 5 240 780 4.24 0.382596 0.40
49 5 732 781 5.24 0.009544 0.40
50 5  48 782 5.55 -1.153756 0.40
51 5 221 783 5.00 -2.869435 0.40
52 5  66 784 3.60 0.379979 0.40
53 5  71 785 5.73 1.249060 0.40
54 5  23 786 3.79 0.466807 0.40
55 5 178 787 6.32 -2.821734 0.40
56 5 178 788 3.81 -0.477865 0.40
57 5 336 789 10.14 0.325779 0.40
58 5 556 790 8.74 12.781601 0.40
59 5 264 791 11.98 17.587494 0.40
60 5 502 792 5.90 0.972004 0.40
61 5 611 793 7.31 6.692501 0.40
62 5 348 794 6.38 -2.628158 0.40
63 5 102 795 5.68 -2.173870 0.40
64 5 327 796 5.80 -1.560922 0.40
65 5 435 797 4.16 -0.947163 0.40
66 5 188 798 3.75 -0.424213 0.40
67 5 147 799 4.18 -0.652083 0.40
68 5 316 800 6.03 2.690768 0.40
69 5 446 801 7.17 -0.109472 0.40
70 5 218 802 6.73 4.242442 0.40
71 5 346 803 6.47 -1.951598 0.40
72 5 174 804 5.89 -2.414562 0.40
73 5 327 805 6.79 5.119399 0.40
74 5 570 806 4.73 -0.745206 0.40
75 5 386 807 7.46 10.975520 0.40
76 5 465 808 3.18 0.221519 0.40
77 5 720 809 4.15 0.885809 0.40
78 5  47 810 2.70 -0.115450 0.40
79 5 100 811 3.02 -0.185825 0.40
80 5 492 812 4.52 -0.897092 0.40
81 5 136 813 3.91 -0.492598 0.40
82 5 579 814 5.01 -1.447462 0.40
83 5 139 815 5.19 0.016616 0.40
84 5 240 816 4.25 -0.980017 0.40
85 5 283 817 6.10 2.215280 0.40
86 5 139 818 4.78 -1.510982 0.40
87 5 122 819 5.46 1.317956 0.40
88 5  20 820 3.47 0.288920 0.40
89 5 378 821 4.99 0.187610 0.40
90 5 238 822 4.80 0.742581 0.40
91 5 379 823 4.59 -0.849762 0.40
92 5 586 182 12.73 -25.284447 0.40
93 5 182 713 11.43 -14.578478 0.40
94 5 727 565 6.71 -2.594155 0.40
95 5 595 616 5.75 2.094453 0.40
96 5 665 615 4.04 -0.677313 0.40
97 5 621 420 9.40 -6.955836 0.40
98 5 616 590 5.92 -2.322305 0.40
99 5 626 616 6.08 2.563367 0.40
100 5 682 525 3.76 -0.450846 0.40
101 5 680  49 6.61 2.697677 0.40
102 5 654   6 5.49 3.898777 0.40
103 5 525 648 6.48 2.775528 0.40
104 5 657 613 5.95 3.117023 0.40
105 5 584 630 7.45 -0.808400 0.40
106 5 581 110 7.35 7.114320 0.40
107 5 642 706 7.27 4.327944 0.40
108 5 148 602 5.84 -2.281758 0.40
109 5 634 726 8.67 14.030112 0.40
110 5 715 244 5.80 -2.715154 0.40
111 5 678  49 5.58 -2.201577 0.40
112 5 691 529 4.96 1.550254 0.40
113 5 708 242 7.06 3.422324 0.40
114 5 710 709 7.10 1.046044 0.40
115 5 299 723 4.12 0.705843 0.40
116 5 647  99 4.52 1.742663 0.40
117 5 574 307 4.60 -0.981253 0.40
118 5 599 566 7.21 3.294145 0.40
119 5 681 102 12.34 -19.261139 0.40
120 5 696 731 6.80 2.791709 0.40
121 5 696 620 4.42 -0.903371 0.40
122 5  99 573 4.62 0.515936 0.40
123 5 640 153 5.05 -2.616407 0.40
124 5 643  28 2.69 -0.119480 0.40
125 5 152 658 2.34 -0.069423 0.40
126 5 614 307 6.58 3.624783 0.40
127 5 674 617 5.61 1.824916 0.40
128 5 684 655 5.40 1.784498 0.40
129 5 528 666 3.84 0.402083 0.40
130 5 153 625 5.17 -0.720815 0.40
131 5 153 585 4.92 -0.768226 0.40
132 5 242 618 2.41 -0.080800 0.40
133 5 201 607 4.32 -0.481986 0.40
134 5 641 158 5.53 -0.847415 0.40
135 5 428 649 4.26 0.739470 0.40
136 5 674 675 5.63 1.737250 0.40
137 5 490 728 6.91 -4.358873 0.40
138 5 327 699 4.89 1.567573 0.40
139 5 416 711 9.50 7.817210 0.40
140 5 547 576 3.45 -0.278101 0.40
141 5 257 580 5.59 2.471511 0.40
142 5 450 717 3.97 0.236106 0.40
143 5 188 687 5.16 -1.091667 0.40
144 5 457 704 5.20 2.327787 0.40
145 5 337 623 17.72 -156.071038 0.40
146 5 601 674 5.47 -1.731688 0.40
147 5 517 694 2.65 0.101553 0.40
148 5 689 530 2.52 -0.094813 0.40
149 5 593 428 5.16 1.666161 0.40
150 5 716 455 11.39 -4.242832 0.40
151 5 674 609 4.46 -0.949159 0.40
152 5 606 600 5.36 3.661362 0.40
153 5 275 592 4.92 -1.320136 0.40
154 5 180 677 8.84 6.428550 0.40
155 5 406 703 4.13 -0.531830 0.40
156 5 334 627 6.62 5.213038 0.40
157 5 501 712 4.01 -0.537756 0.40
158 5 462 578 5.13 1.374498 0.40
159 5  97 705 4.03 0.606539 0.40
160 5 229 722 5.53 0.246688 0.40
161 5 229 714 5.89 -3.878229 0.40
162 5 512 629 3.64 -0.375236 0.40
163 5 631 125 3.89 0.429894 0.40
164 5 591 345 5.53 -3.749433 0.40
165 5 423 638 5.03 -1.859627 0.40
166 5 679 656 5.19 1.292027 0.40
167 5 583 603 11.17 0.888848 0.40
168 5 129 688 3.12 -0.270042 0.40
169 5 685  55 3.36 0.285146 0.40
170 5 260 660 4.72 1.220275 0.40
171 5 478 695 4.77 0.312528 0.40
172 5 707 718 8.03 1.358892 0.40
173 5 272 683 4.69 0.910716 0.40
174 5 635 202 6.66 3.362237 0.40
175 5 124 612 2.84 -0.127805 0.40
176 5 113 610 5.45 2.344102 0.40
177 5 622 605 5.93 3.660444 0.40
178 5 644 123 5.86 -0.410893 0.40
179 5 125 673 3.45 -0.284874 0.40
180 5 596 281 5.96 1.308572 0.40
181 5 370 577 8.69 10.899698 0.40
182 5 571 632 3.71 -0.475772 0.40
183 5 619  95 2.30 -0.063311 0.40
184 5 690 589 4.99 -1.529591 0.40
185 5 363 672 4.55 -0.908360 0.40
186 5 447 671 2.43 -0.083561 0.40
187 5 508 651 4.27 -0.542154 0.40
188 5 123 650 4.62 -1.175984 0.40
189 5 281 676 5.36 1.912183 0.40
190 5 702 661 7.06 6.690147 0.40
191 5 700 472 3.94 -0.551829 0.40
192 5 540 724 5.97 -1.511215 0.40
193 5 701 663 3.04 0.355220 0.40
194 5  62 652 3.80 0.441975 0.40
195 5 729 488 4.30 0.727860 0.40
196 5 170 628 2.66 -0.113423 0.40
197 5 131 575 5.48 -1.819317 0.40
198 5 637 480 8.68 -3.870221 0.40
199 5 653 111 3.78 0.505891 0.40
200 5 692 281 4.12 0.603611 0.40
201 5 669 190 4.16 0.690445 0.40
202 5  20 582 3.31 0.234176 0.40
203 5  20 698 3.60 -0.523096 0.40
204 5 667 645 4.28 0.845434 0.40
205 5 597 535 4.27 0.823801 0.40
206 5 662 288 4.72 -0.638628 0.40
207 5 594 369 3.13 0.214528 0.40
208 5 288 608 4.07 -0.806605 0.40
209 5 222 668 5.38 0.443785 0.40
210 5  19 587 2.78 -0.128707 0.40
211 5 182 420 14.75 -10.366115 0.40
212 5 182 665 6.54 -0.339854 0.40
213 5 665  85 4.79 0.337459 0.40
214 5  85  41 5.27 -0.196397 0.40
215 5  85 181 4.05 0.533857 0.40
216 5 565  74 7.51 -2.285345 0.40
217 5 565  60 4.10 -0.308810 0.40
218 5 181 527 4.90 -0.385156 0.40
219 5  74 362 6.19 -3.664248 0.40
220 5 616 101 5.71 1.753149 0.40
221 5  49 657 6.14 2.585146 0.40
222 5 616 271 7.07 5.226976 0.40
223 5 101  40 5.22 1.491861 0.40
224 5 101 154 3.27 0.261288 0.40
225 5 657 433 3.79 -0.531877 0.40
226 5  40  37 5.14 1.105049 0.40
227 5  40 393 4.18 0.386812 0.40
228 5 420 461 16.19 -20.731318 0.40
229 5 420 159 6.83 3.409366 0.40
230 5  41 367 4.98 -0.669514 0.40
231 5 527 241 3.83 -0.673758 0.40
232 5 148 466 5.37 0.438028 0.40
233 5 433 686 3.88 -0.516099 0.40
234 5  37 533 5.64 0.806245 0.40
235 5  37 514 3.31 0.298804 0.40
236 5 393 252 4.16 0.688117 0.40
237 5 393 335 3.49 -0.301305 0.40
238 5 630 726 5.95 -1.805159 0.40
239 5 630 430 4.47 0.996759 0.40
240 5  41  51 5.95 -0.705248 0.40
241 5  41 544 4.24 1.178364 0.40
242 5 367 360 3.95 -0.963862 0.40
243 5 367 227 4.29 0.294348 0.40
244 5   6 305 5.38 0.793906 0.40
245 5  49 148 6.29 -2.089045 0.40
246 5 466 532 3.79 0.422251 0.40
247 5 466 433 2.23 0.015778 0.40
248 5 148 529 6.22 -0.245315 0.40
249 5 686 271 4.05 0.258202 0.40
250 5 252 141 5.62 1.152777 0.40
251 5 252 523 3.80 -0.464659 0.40
252 5  51 362 7.25 1.684210 0.40
253 5 544 336 4.78 1.381275 0.40
254 5 544 559 4.71 -0.202910 0.40
255 5 227  60 4.47 -0.157207 0.40
256 5 227 241 4.07 0.451556 0.40
257 5   6 696 5.87 1.509414 0.40
258 5   6 497 6.22 1.595457 0.40
259 5 305 339 5.07 1.712919 0.40
260 5 305 181 5.32 -0.919013 0.40
261 5 532 274 4.23 0.950386 0.40
262 5 719 524 6.37 -0.182091 0.40
263 5 719 110 5.30 -1.969367 0.40
264 5 271 224 6.53 2.205581 0.40
265 5 141 255 4.11 0.402395 0.40
266 5 141 274 4.32 0.750382 0.40
267 5 726 161 9.98 9.456391 0.40
268 5 726 244 7.36 2.768561 0.40
269 5 706 525 6.38 3.226374 0.40
270 5 706 304 8.40 3.775109 0.40
271 5 362 163 4.98 -1.980038 0.40
272 5 559 219 5.24 1.130986 0.40
273 5 559 167 5.10 -1.333896 0.40
274 5 241 261 3.03 0.195097 0.40
275 5 696 515 4.28 -0.378924 0.40
276 5 497  36 6.01 0.797571 0.40
277 5 497  11 4.77 0.797887 0.40
278 5 339 344 5.01 1.454765 0.40
279 5 339 299 4.90 0.258154 0.40
280 5 524 458 5.82 -1.781492 0.40
281 5 224  74 7.55 -1.378902 0.40
282 5 274 255 4.29 -0.303092 0.40
283 5 304  82 8.24 -5.422009 0.40
284 5 304 556 9.62 9.197118 0.40
285 5 336 106 4.72 1.055496 0.40
286 5 219 299 4.69 0.447689 0.40
287 5 219 506 5.47 0.683297 0.40
288 5 167  39 4.02 0.305061 0.40
289 5 167 308 4.14 -1.638957 0.40
290 5 241  89 3.90 -0.417300 0.40
291 5 344 152 5.05 1.199092 0.40
292 5 344 438 3.29 0.255673 0.40
293 5 529 392 7.53 1.304939 0.40
294 5 110 646 8.25 2.907782 0.40
295 5 533 278 5.20 0.278109 0.40
296 5 533 532 4.77 0.528136 0.40
297 5 255 256 5.22 0.978899 0.40
298 5 255 287 5.11 -0.879596 0.40
299 5 274  25 4.69 2.003860 0.40
300 5 430 674 4.68 0.341734 0.40
301 5 556 224 7.62 -3.584483 0.40
302 5 506  30 3.96 -0.478590 0.40
303 5  11 326 5.02 0.594521 0.40
304 5  11 555 6.21 0.203366 0.40
305 5  99 528 6.41 1.226726 0.40
306 5 271  82 7.73 2.152231 0.40
307 5 271 153 6.19 1.127367 0.40
308 5 287 390 4.57 -1.621078 0.40
309 5 287 366 4.17 0.741481 0.40
310 5 430 205 4.07 0.451160 0.40
311 5 430  52 3.25 0.203865 0.40
312 5 461 416 13.14 13.916785 0.40
313 5 106 364 5.66 1.778433 0.40
314 5 562 246 8.03 -5.920120 0.40
315 5  30 381 4.64 -0.770751 0.40
316 5  30 157 3.25 0.292161 0.40
317 5 709 429 7.99 -1.365432 0.40
318 5 709 502 3.60 0.299736 0.40
319 5  36 500 3.94 0.022416 0.40
320 5 555  34 5.92 -0.993239 0.40
321 5 152 684 5.01 1.268515 0.40
322 5 646 414 7.34 4.697833 0.40
323 5 256 258 5.57 0.048285 0.40
324 5 256 226 4.71 0.930614 0.40
325 5  82 117 6.88 -1.603647 0.40
326 5 461  65 14.27 -39.063382 0.40
327 5 461 397 7.20 4.415279 0.40
328 5 364 469 6.28 -1.166605 0.40
329 5 102 424 8.97 -3.443064 0.40
330 5 500 527 3.54 -0.288602 0.40
331 5 500 380 3.07 0.311018 0.40
332 5 326 201 4.75 0.903871 0.40
333 5 326 210 4.92 -0.309350 0.40
334 5 555 454 5.66 -1.320730 0.40
335 5 528 277 5.84 0.824644 0.40
336 5 646 553 6.57 -4.926859 0.40
337 5 226 258 5.13 -1.687201 0.40
338 5 366 435 4.86 -0.150583 0.40
339 5 366 368 4.90 0.892065 0.40
340 5 416 135 4.75 1.179615 0.40
341 5 246   5 17.81 -101.216541 0.40
342 5 242 659 6.76 3.503124 0.40
343 5  36 106 4.49 0.722937 0.40
344 5  36 145 4.00 0.052217 0.40
345 5 210 541 5.45 0.475241 0.40
346 5 210 454 5.01 -0.784591 0.40
347 5 454 270 4.66 -2.105322 0.40
348 5 277 464 4.54 0.641772 0.40
349 5 277 520 3.04 0.182872 0.40
350 5 307 427 8.17 5.308885 0.40
351 5 307 588 6.76 -2.665355 0.40
352 5 414 458 6.23 3.773727 0.40
353 5 278  39 4.92 0.623613 0.40
354 5 278 128 4.12 -0.345504 0.40
355 5 258 428 5.13 -0.239743 0.40
356 5 226 327 5.80 2.888878 0.40
357 5 226 368 4.59 -0.271063 0.40
358 5 566 257 7.07 1.375451 0.40
359 5 329 165 3.12 -0.208780 0.40
360 5 329 490 7.30 -3.750655 0.40
361 5 185 302 6.88 1.953714 0.40
362 5 264 550 16.16 -72.227667 0.40
363 5  65 421 14.53 -39.240824 0.40
364 5  65 232 2.99 0.177443 0.40
365 5 397 300 6.72 2.362418 0.40
366 5 397 394 4.95 2.052861 0.40
367 5 416 169 6.31 1.970718 0.40
368 5 469  21 5.02 -0.411421 0.40
369 5 469 322 4.29 -0.755184 0.40
370 5 364 426 4.39 1.252986 0.40
371 5 429 348 6.89 -2.037700 0.40
372 5 429 502 3.84 0.672268 0.40
373 5 424 709 5.14 -2.111740 0.40
374 5 145 515 5.66 -1.369972 0.40
375 5 380 201 4.76 -1.385857 0.40
376 5 380 218 5.11 1.696875 0.40
377 5  34  21 5.27 0.428950 0.40
378 5  34 145 5.90 -1.422189 0.40
379 5 464 244 5.59 1.001420 0.40
380 5 464 143 3.56 -0.359648 0.40
381 5 427 298 4.21 0.507730 0.40
382 5  39 361 4.28 0.928674 0.40
383 5 368 175 5.04 0.621001 0.40
384 5 329 138 8.42 8.700710 0.40
385 5 185 365 6.14 -2.249013 0.40
386 5   5 337 19.36 -151.184488 0.40
387 5 348 513 3.57 0.590458 0.40
388 5 611  72 6.28 -1.140677 0.40
389 5 424  84 4.32 -0.929479 0.40
390 5 541 489 5.28 1.495995 0.40
391 5 588 646 7.48 -3.136809 0.40
392 5 588 414 5.81 0.036215 0.40
393 5 458 598 5.05 1.992235 0.40
394 5 428 327 4.41 0.686948 0.40
395 5 674 161 6.64 -4.002960 0.40
396 5 490 450 6.23 -1.285055 0.40
397 5 302 346 6.13 1.248420 0.40
398 5 302 280 4.72 0.705294 0.40
399 5 185 107 4.89 0.552613 0.40
400 5 185 314 3.23 -0.257313 0.40
401 5 365 550 6.80 -3.613492 0.40
402 5 365 452 5.50 1.364479 0.40
403 5 300  43 7.59 2.714017 0.40
404 5 300 558 3.53 -0.351599 0.40
405 5 394 552 3.73 0.323033 0.40
406 5 394 564 5.03 1.729827 0.40
407 5 169 355 4.79 1.034681 0.40
408 5 611 659 7.42 -3.503124 0.40
409 5  72 463 2.87 -0.157468 0.40
410 5  72  32 4.73 -0.983209 0.40
411 5 424 247 3.61 -0.401845 0.40
412 5 489 444 4.93 2.129409 0.40
413 5 541  16 5.23 -1.303413 0.40
414 5 392 265 7.29 2.700499 0.40
415 5 392 415 5.86 -1.395560 0.40
416 5 427 413 6.86 2.710431 0.40
417 5 427 547 4.68 0.672376 0.40
418 5 327 195 5.19 -1.550223 0.40
419 5 435 407 3.93 0.369452 0.40
420 5 244 693 7.58 -0.639359 0.40
421 5 452  77 6.37 0.121075 0.40
422 5 452 251 5.35 1.243404 0.40
423 5 421  33 14.21 -47.468031 0.40
424 5 421  27 12.60 4.939230 0.40
425 5 416 316 7.57 2.949242 0.40
426 5 355 158 4.33 1.464951 0.40
427 5 355 228 5.84 -0.430269 0.40
428 5 415 588 5.22 -0.435238 0.40
429 5 415 414 5.61 -0.960321 0.40
430 5 195 248 4.70 -1.123095 0.40
431 5 195 435 4.02 -0.427128 0.40
432 5 175 156 6.92 -0.027022 0.40
433 5 175 188 4.44 0.648023 0.40
434 5 244 398 5.04 1.694186 0.40
435 5 693 427 7.60 -1.418348 0.40
436 5 693 725 4.58 0.778990 0.40
437 5 346 536 8.25 4.916636 0.40
438 5 346 147 7.49 -1.716618 0.40
439 5 246 568 7.18 4.000913 0.40
440 5  77 172 7.12 -2.058251 0.40
441 5 550 308 8.81 4.028415 0.40
442 5  27 389 5.84 3.940924 0.40
443 5  27  13 4.56 0.998306 0.40
444 5 158 517 4.08 0.617535 0.40
445 5 228 542 4.04 0.401870 0.40
446 5 228 291 5.77 -0.832140 0.40
447 5 513  53 3.56 0.124441 0.40
448 5 513  60 4.03 0.466017 0.40
449 5 265 388 5.37 1.311357 0.40
450 5 265  73 4.78 1.389142 0.40
451 5 413 282 7.07 3.017112 0.40
452 5 298 403 5.60 0.421063 0.40
453 5 298 598 3.64 0.086667 0.40
454 5 156 189 8.21 5.759375 0.40
455 5 407 211 5.33 -1.587349 0.40
456 5 725 457 4.89 1.729467 0.40
457 5 725 547 5.18 -0.950477 0.40
458 5 257 333 5.26 -1.096060 0.40
459 5 246 172 9.28 11.425934 0.40
460 5 251 536 4.77 0.675451 0.40
461 5 251 371 5.11 0.567953 0.40
462 5 308  51 4.68 2.389458 0.40
463 5  43 400 7.73 3.230288 0.40
464 5  43 293 3.92 -0.516271 0.40
465 5 316 359 3.27 0.258474 0.40
466 5 542 134 4.83 -0.290806 0.40
467 5 542 332 4.50 0.692676 0.40
468 5 291 421 6.13 -3.287976 0.40
469 5 291 198 5.90 2.455836 0.40
470 5 388 289 5.87 0.905598 0.40
471 5 156 407 6.56 -1.956801 0.40
472 5 156  38 5.86 -1.878498 0.40
473 5 188 250 5.81 2.163904 0.40
474 5 457 409 4.06 -0.598321 0.40
475 5 450  18 4.71 -0.446059 0.40
476 5 172 526 7.43 5.359074 0.40
477 5 172 531 6.64 4.008608 0.40
478 5 371  77 5.96 -2.179326 0.40
479 5  33   5 14.96 -49.967946 0.40
480 5  33  59 6.05 2.499916 0.40
481 5 564 487 4.96 0.401104 0.40
482 5 564 290 5.00 1.328723 0.40
483 5 134 516 3.70 0.263655 0.40
484 5 134 315 4.28 -0.554461 0.40
485 5 332 319 4.28 0.371248 0.40
486 5 332 448 4.08 0.321428 0.40
487 5 289 390 5.05 1.364461 0.40
488 5 289  42 5.19 -0.458862 0.40
489 5  73 373 5.08 1.403549 0.40
490 5  12  73 1.75 0.014407 0.40
491 5 282 425 5.35 0.174892 0.40
492 5 282 104 6.23 2.842220 0.40
493 5 403 402 6.56 -0.220571 0.40
494 5 403 412 4.05 0.641634 0.40
495 5 361   9 6.49 1.854152 0.40
496 5 361 189 10.03 -0.925478 0.40
497 5 189 180 7.26 5.749070 0.40
498 5 189 534 4.60 -0.915173 0.40
499 5 250 570 4.45 -0.945891 0.40
500 5 250   9 5.69 3.109794 0.40
501 5 211 320 6.20 -2.938991 0.40
502 5 536 371 6.64 -2.747279 0.40
503 5 531 174 6.59 2.548302 0.40
504 5 531 280 5.23 1.460306 0.40
505 5 389 441 4.48 2.068024 0.40
506 5 389 268 4.86 1.872900 0.40
507 5 400 437 5.88 3.510641 0.40
508 5 400 276 6.90 -0.280352 0.40
509 5 487 408 5.51 -0.829516 0.40
510 5 487  32 4.76 1.230620 0.40
511 5 290 510 3.82 0.413523 0.40
512 5 290 606 4.59 0.915201 0.40
513 5 516 319 3.73 0.058202 0.40
514 5 516  78 3.12 0.205453 0.40
515 5 319 160 4.30 0.275574 0.40
516 5 319 286 3.84 0.153876 0.40
517 5 448 441 3.37 -0.057073 0.40
518 5 448  80 3.30 0.378501 0.40
519 5 198 194 6.10 1.466137 0.40
520 5 198 237 4.58 0.989699 0.40
521 5 337 162 8.09 4.886550 0.40
522 5 218 446 5.34 -2.545567 0.40
523 5 388 413 4.77 0.306680 0.40
524 5 388  42 4.49 0.099078 0.40
525 5 390 411 3.32 -0.256617 0.40
526 5  42  61 4.47 -0.359784 0.40
527 5 104 171 5.71 1.502610 0.40
528 5 104   7 5.41 1.339610 0.40
529 5 402 412 4.37 0.602893 0.40
530 5 412 187 2.80 0.139132 0.40
531 5   9 285 5.46 4.963946 0.40
532 5 320 670 4.97 -1.370167 0.40
533 5 398  87 6.13 -0.373318 0.40
534 5 398 245 6.96 2.067504 0.40
535 5  18 328 2.97 -0.222784 0.40
536 5 174 203 5.88 2.326710 0.40
537 5 441 215 5.03 0.611124 0.40
538 5 268  31 5.49 1.347804 0.40
539 5 276  86 5.44 0.238500 0.40
540 5 276 243 3.82 -0.518852 0.40
541 5 408 604 5.54 1.562052 0.40
542 5 408 166 5.19 -2.391568 0.40
543 5 510 239 4.21 0.228609 0.40
544 5 517 684 4.46 0.515983 0.40
545 5 315 100 3.90 0.313976 0.40
546 5 315  96 5.02 -0.868437 0.40
547 5 160 422 4.17 0.167530 0.40
548 5 160 150 3.10 0.108045 0.40
549 5 286  10 3.54 0.536058 0.40
550 5 286  96 3.54 -0.382182 0.40
551 5 194  44 6.04 1.297381 0.40
552 5 194 259 5.74 0.168757 0.40
553 5  61 112 3.99 -0.811465 0.40
554 5  61 436 5.13 0.451681 0.40
555 5   7 402 5.50 1.660771 0.40
556 5 402 382 4.83 0.837307 0.40
557 5 412 325 4.63 0.046247 0.40
558 5 730 395 7.67 2.633383 0.40
559 5  87 116 3.03 0.191690 0.40
560 5 536 386 7.87 8.339366 0.40
561 5 280 399 5.55 2.165600 0.40
562 5 441  63 4.45 1.399827 0.40
563 5 215 142 4.67 0.246254 0.40
564 5 215 567 3.82 0.364869 0.40
565 5 166 330 6.53 -3.245468 0.40
566 5 166 482 4.31 0.853900 0.40
567 5  32 200 3.88 0.247411 0.40
568 5 510 482 4.68 -0.127746 0.40
569 5 510 639 5.62 0.312659 0.40
570 5 606 639 3.22 -0.057204 0.40
571 5  96 563 4.21 -1.250619 0.40
572 5  44 214 6.26 -1.591415 0.40
573 5  44 249 5.66 2.888796 0.40
574 5 237 465 3.91 0.551167 0.40
575 5 237 720 3.76 0.438532 0.40
576 5 446  76 6.53 -2.436095 0.40
577 5 436 381 4.25 0.305411 0.40
578 5 425 436 3.43 -0.146270 0.40
579 5 425   7 3.70 0.321162 0.40
580 5 171  83 6.32 2.104705 0.40
581 5 171 132 4.03 -0.602095 0.40
582 5 325 334 6.50 2.802248 0.40
583 5 570 309 3.25 -0.200685 0.40
584 5 245 358 3.90 0.654531 0.40
585 5 333 220 4.53 0.482489 0.40
586 5 399 474 5.13 -0.472028 0.40
587 5 399 546 6.44 2.637629 0.40
588 5 526 440 6.23 3.697191 0.40
589 5 526 217 5.88 1.661882 0.40
590 5  63 115 4.06 1.035635 0.40
591 5  63 442 4.03 0.364193 0.40
592 5 142  29 3.72 0.493593 0.40
593 5 142 484 4.08 -0.247339 0.40
594 5 567 483 3.69 0.232930 0.40
595 5 567 538 3.17 0.131940 0.40
596 5 604 297 5.71 0.878793 0.40
597 5 604 583 4.18 0.683259 0.40
598 5 239 375 4.05 0.690190 0.40
599 5 239 460 3.79 -0.461580 0.40
600 5 606 432 5.81 -2.688958 0.40
601 5 422 193 2.14 0.045185 0.40
602 5 422 324 2.61 0.122345 0.40
603 5 214 572 3.64 0.416149 0.40
604 5 249 664 6.37 2.351661 0.40
605 5 249  54 3.91 0.537135 0.40
606 5 259 235 3.78 0.901450 0.40
607 5 259 349 4.75 -0.732693 0.40
608 5 373 258 4.95 1.399173 0.40
609 5 373 509 2.89 0.004376 0.40
610 5 412 334 6.11 1.059148 0.40
611 5 395 721 7.31 -3.355600 0.40
612 5  87 269 7.51 -1.020129 0.40
613 5  87 404 3.72 0.455121 0.40
614 5 245  92 4.42 1.412973 0.40
615 5 386 174 6.56 -2.636154 0.40
616 5 217  90 5.72 -0.204023 0.40
617 5 217 521 4.90 1.865906 0.40
618 5 115 310 5.61 1.029727 0.40
619 5 115 483 4.18 0.005908 0.40
620 5 442 295 2.90 0.085396 0.40
621 5 442 150 3.16 0.278797 0.40
622 5 484 140 3.22 0.254249 0.40
623 5 330 410 5.22 1.916624 0.40
624 5 639 317 3.55 0.255456 0.40
625 5 432 501 4.36 -0.680795 0.40
626 5 432 406 5.14 -2.008162 0.40
627 5 214 401 5.42 -1.314178 0.40
628 5 214 496 4.38 -0.693385 0.40
629 5 349 177 4.27 -0.511093 0.40
630 5 349  47 3.49 -0.221600 0.40
631 5  83  91 7.03 1.843008 0.40
632 5  83 323 6.37 0.261697 0.40
633 5 670 485 4.03 0.598119 0.40
634 5 269 347 8.61 -3.042948 0.40
635 5 269  79 5.05 2.022819 0.40
636 5  90 216 4.67 0.964820 0.40
637 5 455 697 11.02 -1.859627 0.40
638 5 483 494 3.20 0.238837 0.40
639 5 150 431 3.54 0.386841 0.40
640 5 140 732 3.41 -0.210990 0.40
641 5 484 443 2.77 0.128572 0.40
642 5 484 204 3.84 -0.630160 0.40
643 5  86 560 3.20 -0.226840 0.40
644 5  86 381 5.37 0.465340 0.40
645 5 297  70 5.35 0.602312 0.40
646 5 297  97 4.71 0.276482 0.40
647 5 410 266 3.42 0.306536 0.40
648 5 410  75 4.60 1.610088 0.40
649 5 482 343 3.99 0.455980 0.40
650 5 200 292 5.20 -0.717168 0.40
651 5 200 456 5.40 1.577392 0.40
652 5 482 385 3.97 0.270173 0.40
653 5 406  57 4.42 -1.476332 0.40
654 5 401 100 4.38 -0.499801 0.40
655 5 401 462 6.10 -0.814377 0.40
656 5 496 253 2.71 -0.125397 0.40
657 5  47 272 4.17 -0.106151 0.40
658 5 509 507 1.20 0.002363 0.40
659 5 509 236 1.16 0.002012 0.40
660 5 323  91 6.53 0.143019 0.40
661 5 323 391 2.67 0.118678 0.40
662 5 382 566 7.14 -1.918695 0.40
663 5 382 325 6.55 2.756002 0.40
664 5 334 211 6.35 -1.351641 0.40
665 5 440  90 5.10 1.168843 0.40
666 5 440 449 5.56 2.528348 0.40
667 5 310 491 4.70 1.554823 0.40
668 5 310 268 4.66 -0.525096 0.40
669 5 140 301 3.55 -0.295488 0.40
670 5 140 212 3.56 0.760727 0.40
671 5 204   2 3.88 -0.380976 0.40
672 5 204 554 3.28 -0.249184 0.40
673 5  31  26 6.17 1.647539 0.40
674 5  70 120 5.27 1.090700 0.40
675 5  70 121 4.88 -0.488388 0.40
676 5 266  17 5.78 1.439159 0.40
677 5  75  81 3.74 0.477465 0.40
678 5  75 266 5.31 1.132623 0.40
679 5 330 562 9.03 -1.530550 0.40
680 5 330 229 6.29 -3.631542 0.40
681 5 343  81 3.87 0.135348 0.40
682 5 456 180 4.29 0.679480 0.40
683 5 456 313 3.87 0.897912 0.40
684 5 501 129 3.21 -0.143039 0.40
685 5  57  15 5.14 -0.974092 0.40
686 5  57 512 4.44 -0.502239 0.40
687 5 462 168 4.93 -2.188875 0.40
688 5 721  48 5.12 0.511105 0.40
689 5 220 451 4.17 0.936291 0.40
690 5 220 379 5.10 -0.453802 0.40
691 5 546 225 5.27 -0.635708 0.40
692 5 449 504 4.42 0.375703 0.40
693 5 449 549 4.88 2.152645 0.40
694 5 697 633 7.51 -1.254209 0.40
695 5 697 423 4.00 -0.605418 0.40
696 5 212 679 4.67 0.936852 0.40
697 5 212 137 2.95 -0.176126 0.40
698 5   2 168 4.07 0.092935 0.40
699 5   2 206 4.20 -0.473911 0.40
700 5 538 383 4.83 0.737552 0.40
701 5 538 356 4.35 -0.605612 0.40
702 5  31 263 6.40 -1.011216 0.40
703 5  31 480 4.59 0.711481 0.40
704 5  97 518 4.86 -0.330057 0.40
705 5 562  24 7.29 4.389570 0.40
706 5 343 231 3.67 0.320632 0.40
707 5  81 200 5.26 0.612813 0.40
708 5 313 707 4.42 0.692323 0.40
709 5 313 583 3.45 0.205589 0.40
710 5  15 352 4.44 -0.630833 0.40
711 5 512 129 5.10 -0.127003 0.40
712 5 168 377 4.54 -2.095940 0.40
713 5 177 470 4.15 -0.229832 0.40
714 5 177 453 3.36 -0.281261 0.40
715 5 545 541 5.46 -0.282659 0.40
716 5 545 489 4.96 0.633415 0.40
717 5  91  94 7.04 2.866100 0.40
718 5 347 209 7.93 -2.905560 0.40
719 5 474 225 4.11 0.286648 0.40
720 5 546 499 8.66 6.175851 0.40
721 5 546 569 7.70 -2.902514 0.40
722 5 549 370 8.29 10.219614 0.40
723 5 633 423 4.81 -1.254209 0.40
724 5 295 207 3.90 -0.108606 0.40
725 5 295 353 4.78 0.194002 0.40
726 5 679 186 3.54 -0.355174 0.40
727 5 206   4 5.09 0.428365 0.40
728 5 206 445 5.34 -0.902277 0.40
729 5 383 114 2.56 -0.139190 0.40
730 5 383 260 4.06 0.876742 0.40
731 5 356 119 3.02 -0.178102 0.40
732 5  26 471 2.98 0.153796 0.40
733 5 518 136 3.70 0.171163 0.40
734 5 518 354 4.87 -0.501220 0.40
735 5 292  17 5.56 -0.652093 0.40
736 5 292 521 4.55 -0.065075 0.40
737 5 377 372 4.83 -1.515455 0.40
738 5  76 364 6.06 -1.692053 0.40
739 5  76 539 5.14 -0.744042 0.40
740 5  94 347 6.74 2.602413 0.40
741 5  94 357 3.28 0.263687 0.40
742 5 345 495 4.93 -1.305725 0.40
743 5 451 149 3.79 1.097069 0.40
744 5 379 548 6.13 0.395960 0.40
745 5 474 378 5.49 -0.599875 0.40
746 5 474 511 3.60 -0.158801 0.40
747 5 569 473 6.94 -2.341282 0.40
748 5 569  35 5.55 -0.561232 0.40
749 5 225 146 5.86 0.275986 0.40
750 5 225  64 3.39 -0.289427 0.40
751 5 521 191 5.10 1.800831 0.40
752 5 353 254 3.64 -0.189681 0.40
753 5 114 192 2.87 -0.157128 0.40
754 5 260 118 3.51 -0.343533 0.40
755 5 480 492 6.53 -3.796366 0.40
756 5 480 113 4.75 0.637626 0.40
757 5  26  58 5.95 1.341951 0.40
758 5 120 197 4.39 -0.556868 0.40
759 5 354 151 4.77 -0.849657 0.40
760 5 354  56 3.65 0.348437 0.40
761 5  17  50 4.83 0.258069 0.40
762 5  17 183 4.20 0.179183 0.40
763 5  24 417 7.42 3.904872 0.40
764 5  24 478 4.98 0.484698 0.40
765 5  17 173 3.75 0.349814 0.40
766 5 707 191 4.57 -0.666569 0.40
767 5 352 445 5.41 0.615220 0.40
768 5 352 318 5.28 -1.247271 0.40
769 5 372 338 3.26 0.234885 0.40
770 5 470  15 4.11 0.343260 0.40
771 5 470 376 4.33 -0.573092 0.40
772 5  91 196 4.54 -0.880073 0.40
773 5 345 439 5.31 -1.140064 0.40
774 5 511 351 2.53 -0.137439 0.40
775 5 511 505 1.86 -0.021362 0.40
776 5 499 549 8.39 8.066969 0.40
777 5 499 405 6.37 -1.891119 0.40
778 5  35 551 4.56 -0.195366 0.40
779 5 146 551 4.51 0.377619 0.40
780 5 491 447 3.56 -0.377303 0.40
781 5 207 296 2.70 -0.145953 0.40
782 5 207 353 2.94 0.037348 0.40
783 5 353 124 4.57 0.421030 0.40
784 5 254 105 2.62 0.093961 0.40
785 5 254 321 2.97 -0.283642 0.40
786 5 197 488 5.17 -0.384698 0.40
787 5 120 579 4.86 -1.349116 0.40
788 5 120 622 5.25 2.996683 0.40
789 5 136 622 4.39 0.663761 0.40
790 5 151 121 5.00 1.016832 0.40
791 5 417 702 6.07 2.038383 0.40
792 5 417 151 5.37 1.866489 0.40
793 5 478 197 3.51 0.172170 0.40
794 5 372 272 6.71 -2.259168 0.40
795 5 372 352 5.55 0.508828 0.40
796 5 272 418 5.32 -3.276035 0.40
797 5 125 345 4.90 1.303644 0.40
798 5 495 126 4.35 -0.529048 0.40
799 5 439  68 5.13 -0.294382 0.40
800 5 439 495 4.84 -0.845682 0.40
801 5 405 363 5.50 -1.502458 0.40
802 5 405 481 3.64 -0.388661 0.40
803 5 473 267 6.92 -1.989972 0.40
804 5 473 495 5.63 1.622360 0.40
805 5 473  67 5.01 -1.298849 0.40
806 5 504  68 3.45 0.364167 0.40
807 5 504  14 1.67 0.011536 0.40
808 5 191  35 5.08 0.365866 0.40
809 5 491 557 6.46 2.083919 0.40
810 5 491  26 3.48 -0.151793 0.40
811 5 124 571 3.73 0.548835 0.40
812 5 263 139 4.57 -1.494367 0.40
813 5 263 477 5.41 0.483151 0.40
814 5 492 548 5.25 -1.677015 0.40
815 5 492 508 4.53 -1.222259 0.40
816 5  58 468 4.25 -0.549862 0.40
817 5 488 579 4.66 -0.098347 0.40
818 5 183 225 5.46 0.129535 0.40
819 5 183 146 4.44 0.101633 0.40
820 5 318 732 4.45 0.557010 0.40
821 5 636 690 5.41 -1.131353 0.40
822 5 636 486 3.49 -0.292634 0.40
823 5 539 545 5.31 -0.665923 0.40
824 5 539 213 3.25 -0.078119 0.40
825 5 347  88 3.51 0.257916 0.40
826 5 125 170 4.87 -0.588876 0.40
827 5 548   1 5.88 -1.281055 0.40
828 5 551 503 2.98 0.182253 0.40
829 5 557 571 5.68 -1.024607 0.40
830 5 488 702 5.09 0.441508 0.40
831 5  50 225 4.11 0.206084 0.40
832 5  50 183 3.54 0.051985 0.40
833 5 702 636 5.32 -2.282806 0.40
834 5 445 498 3.41 -0.287057 0.40
835 5 318 164 3.88 0.465707 0.40
836 5 664 540 7.59 -7.669690 0.40
837 5 347 396 6.69 -1.527102 0.40
838 5 347 103 6.88 3.734211 0.40
839 5  68 384 2.34 0.069785 0.40
840 5 209 395 8.18 -3.154133 0.40
841 5 209 303 3.83 0.248573 0.40
842 5 363 341 4.15 -0.594098 0.40
843 5 191 473 6.07 0.674821 0.40
844 5 191 273 4.44 0.093576 0.40
845 5 447 233 3.39 -0.293742 0.40
846 5   4 312 3.09 -0.126435 0.40
847 5 477 109 4.76 0.322373 0.40
848 5 477 451 3.84 0.160778 0.40
849 5  58 561 5.50 1.605032 0.40
850 5  58  93 3.96 0.286780 0.40
851 5 123 122 4.26 0.765090 0.40
852 5 303 155 3.68 -0.246889 0.40
853 5 273 701 4.13 0.259675 0.40
854 5 273  45 3.04 -0.166099 0.40
855 5   4 311 3.80 0.711051 0.40
856 5 561   3 5.13 1.464302 0.40
857 5 561  93 4.65 0.140730 0.40
858 5  93 356 3.78 0.427511 0.40
859 5 468 240 3.86 -0.597422 0.40
860 5 468  46 2.94 0.047560 0.40
861 5 702 459 4.83 -1.927451 0.40
862 5 122  62 3.98 -0.552866 0.40
863 5 213  21 4.13 -0.017529 0.40
864 5 213 108 2.29 -0.060590 0.40
865 5 103  88 5.97 3.618411 0.40
866 5 103 127 2.65 0.115801 0.40
867 5  88 537 4.50 1.028324 0.40
868 5   1 131 4.95 -1.123065 0.40
869 5   1 479 4.53 0.821714 0.40
870 5 701 144 2.62 -0.095545 0.40
871 5   3 113 5.27 1.706476 0.40
872 5   3 223 3.16 -0.242174 0.40
873 5 459 690 4.73 -0.398238 0.40
874 5  62 238 6.41 -0.994841 0.40
875 5 540  48 6.16 -1.930268 0.40
876 5 376   8 3.65 -0.808146 0.40
877 5 376 184 4.47 0.235054 0.40
878 5  88 329 7.94 4.741275 0.40
879 5  88 490 6.77 -1.893273 0.40
880 5 170 342 4.08 -0.475454 0.40
881 5 395 199 7.39 2.834850 0.40
882 5 131 479 4.26 0.696252 0.40
883 5 223 114 3.08 -0.017939 0.40
884 5 223 519 3.40 -0.224236 0.40
885 5 238  69 6.08 -1.737422 0.40
886 5 540 303 6.53 -0.495462 0.40
887 5 342 130 3.82 -0.751581 0.40
888 5 342  98 3.55 0.276127 0.40
889 5 199 540 7.10 3.732746 0.40
890 5 199 387 4.65 -0.897895 0.40
891 5 118 493 3.31 -0.259291 0.40
892 5 118 279 2.44 -0.084242 0.40
893 5  69  71 5.72 0.363279 0.40
894 5  69 331 5.52 -2.100701 0.40
895 5 378 331 4.89 -0.787485 0.40
896 5 732 419 3.51 0.336477 0.40
897 5 396 283 6.37 -1.769755 0.40
898 5 396 667 5.49 0.242654 0.40
899 5 109 230 4.39 0.008676 0.40
900 5 109 176 2.02 0.030887 0.40
901 5  71 221 5.38 -0.885781 0.40
902 5 331 522 4.88 -2.888186 0.40
903 5  48 111 5.27 -0.265407 0.40
904 5 283 476 7.11 -3.985035 0.40
905 5 109 262 3.38 0.282810 0.40
906 5 230 294 3.07 0.249160 0.40
907 5 111 230 3.20 0.240484 0.40
908 5 178 234 6.59 3.299599 0.40
909 5 667 476 4.74 -0.602781 0.40
910 5 262 475 2.73 0.129317 0.40
911 5 262 467 2.85 0.153493 0.40
912 5 184 374 4.57 0.143835 0.40
913 5 184 306 4.15 0.091219 0.40
914 5 221 133 6.46 1.983654 0.40
915 5 535 543 5.13 1.278242 0.40
916 5 133 459 6.41 1.529213 0.40
917 5 133 535 3.66 0.454441 0.40
918 5 306 284 3.47 -0.430213 0.40
919 5 306 222 4.02 0.521432 0.40
920 5 288 434 4.09 0.167977 0.40
921 5 476 730 6.89 -4.587816 0.40
922 5 374  19 3.26 0.027544 0.40
923 5 374 340 2.72 0.116291 0.40
924 5 222 350 2.39 0.077647 0.40
925 5  19   4 3.92 0.156251 0.40
926 5 246 550 16.98 79.869574 0.40
927 5 102 264 15.31 -54.640174 0.40
823     total number of nodes
Name	x	y	z
1 363.0 186.5 238.0
2 86.0 153.5 171.0
3 294.0 218.5 220.0
4 100.0 172.5 159.0
5 254.0 175.5 159.0
6 96.0 45.5 57.0
7 287.0 146.5 171.0
8 148.0 173.5 130.0
9 326.0 180.5 158.0
10 100.0 148.5 222.0
11 79.0 42.5 36.0
12 341.0 143.5 130.0
13 121.0 142.5 130.0
14 305.0 176.5 104.0
15 91.0 154.5 130.0
16 107.0 62.5 36.0
17 210.0 154.5 54.0
18 324.0 167.5 243.0
19 117.0 180.5 171.0
20 173.0 158.5 238.0
21 118.0 88.5 55.0
22 327.0 168.5 13.0
23 320.0 166.5 13.0
24 133.0 121.5 42.0
25 321.0 136.5 104.0
26 278.0 197.5 220.0
27 150.0 157.5 159.0
28 46.0 42.5 67.0
29 110.0 155.5 159.0
30 170.0 107.5 109.0
31 247.0 177.5 238.0
32 191.0 150.5 80.0
33 190.0 157.5 158.0
34 67.0 58.5 43.0
35 285.0 168.5 74.0
36 124.0 71.5 55.0
37 302.0 118.5 77.0
38 380.0 173.5 135.0
39 284.0 125.5 104.0
40 320.0 123.5 74.0
41 222.0 87.5 80.0
42 280.0 141.5 119.0
43 193.0 141.5 119.0
44 32.0 92.5 140.0
45 303.0 204.5 98.0
46 311.0 200.5 217.0
47 25.0 105.5 130.0
48 51.0 101.5 219.0
49 367.0 129.5 104.0
50 244.0 151.5 43.0
51 248.0 101.5 80.0
52 93.0 75.5 130.0
53 173.0 59.5 54.0
54 45.0 99.5 171.0
55 382.0 164.5 43.0
56 144.0 133.5 74.0
57 83.0 154.5 119.0
58 277.0 213.5 217.0
59 197.0 165.5 129.0
60 216.0 75.5 54.0
61 268.0 133.5 135.0
62 107.0 103.5 13.0
63 175.0 172.5 202.0
64 310.0 181.5 73.0
65 147.0 127.5 130.0
66 43.0 113.5 99.0
67 323.0 183.5 73.0
68 351.0 186.5 116.0
69 95.0 102.5 13.0
70 66.0 123.5 53.0
71 89.0 100.5 13.0
72 182.0 100.5 13.0
73 354.0 152.5 140.0
74 288.0 95.5 54.0
75 189.0 146.5 53.0
76 151.0 83.5 36.0
77 342.0 145.5 68.0
78 34.0 139.5 180.0
79 200.0 132.5 171.0
80 138.0 141.5 180.0
81 197.0 160.5 68.0
82 373.0 127.5 43.0
83 229.0 135.5 180.0
84 209.0 94.5 36.0
85 196.0 81.5 80.0
86 205.0 130.5 135.0
87 188.0 123.5 171.0
88 291.0 151.5 196.0
89 162.0 70.5 68.0
90 300.0 147.5 73.0
91 221.0 135.5 183.0
92 156.0 86.5 129.0
93 262.0 211.5 218.0
94 213.0 133.5 183.0
95 203.0 206.5 178.0
96 61.0 130.5 183.0
97 115.0 133.5 78.0
98 316.0 204.5 99.0
99 243.0 99.5 116.0
100 26.0 110.5 157.0
101 327.0 121.5 73.0
102 241.0 110.5 37.0
103 255.0 146.5 219.0
104 262.0 141.5 170.0
105 243.0 193.5 201.0
106 156.0 92.5 68.0
107 340.0 134.5 6.0
108 133.0 86.5 37.0
109 179.0 154.5 208.0
110 339.0 134.5 170.0
111 102.0 126.5 219.0
112 243.0 127.5 116.0
113 310.0 231.5 218.0
114 281.0 218.5 196.0
115 190.0 179.5 208.0
116 130.0 105.5 159.0
117 358.0 118.5 52.0
118 177.0 208.5 196.0
119 223.0 193.5 208.0
120 40.0 109.5 55.0
121 89.0 109.5 55.0
122 125.0 121.5 15.0
123 148.0 131.5 14.0
124 233.0 213.5 219.0
125 367.0 210.5 117.0
126 353.0 195.5 105.0
127 281.0 149.5 178.0
128 314.0 137.5 105.0
129 36.0 137.5 105.0
130 325.0 203.5 91.0
131 369.0 189.5 242.0
132 248.0 133.5 156.0
133 59.0 78.5 16.0
134 97.0 143.5 178.0
135 115.0 115.5 78.0
136 58.0 116.5 78.0
137 167.0 193.5 219.0
138 298.0 162.5 196.0
139 277.0 171.5 242.0
140 144.0 189.5 219.0
141 360.0 151.5 105.0
142 129.0 172.5 178.0
143 252.0 123.5 156.0
144 275.0 214.5 136.0
145 46.0 47.5 42.0
146 262.0 158.5 55.0
147 398.0 138.5 37.0
148 354.0 124.5 105.0
149 284.0 170.5 227.0
150 158.0 177.5 203.0
151 104.0 118.5 60.0
152 70.0 38.5 90.0
153 397.0 124.5 60.0
154 318.0 109.5 66.0
155 76.0 101.5 165.0
156 370.0 194.5 142.0
157 178.0 113.5 105.0
158 70.0 77.5 128.0
159 105.0 73.5 115.0
160 124.0 156.5 206.0
161 62.0 74.5 169.0
162 300.0 191.5 164.0
163 256.0 109.5 61.0
164 47.0 156.5 177.0
165 282.0 140.5 206.0
166 160.0 144.5 60.0
167 222.0 116.5 89.0
168 26.0 124.5 139.0
169 87.0 102.5 127.0
170 361.0 209.5 101.0
171 247.0 137.5 177.0
172 321.0 140.5 64.0
173 236.0 168.5 59.0
174 360.0 152.5 64.0
175 361.0 184.5 142.0
176 189.0 154.5 227.0
177 101.0 151.5 139.0
178 185.0 125.5 2.0
179 342.0 220.5 176.0
180 281.0 207.5 121.0
181 140.0 63.5 66.0
182 119.0 56.5 105.0
183 250.0 162.5 61.0
184 155.0 182.5 157.0
185 341.0 130.5 17.0
186 111.0 173.5 224.0
187 351.0 172.5 176.0
188 347.0 192.5 165.0
189 316.0 189.5 139.0
190 119.0 165.5 226.0
191 279.0 179.5 89.0
192 293.0 218.5 183.0
193 136.0 155.5 224.0
194 74.0 113.5 146.0
195 375.0 168.5 89.0
196 212.0 122.5 151.0
197 49.0 110.5 40.0
198 80.0 117.5 146.0
199 85.0 106.5 187.0
200 199.0 166.5 84.0
201 109.0 36.5 22.0
202 309.0 220.5 139.0
203 357.0 153.5 79.0
204 114.0 172.5 183.0
205 128.0 103.5 151.0
206 75.0 162.5 157.0
207 204.0 204.5 226.0
208 12.0 137.5 176.0
209 96.0 110.5 187.0
210 99.0 49.5 22.0
211 385.0 192.5 145.0
212 153.0 192.5 224.0
213 117.0 81.5 40.0
214 24.0 107.5 146.0
215 148.0 179.5 183.0
216 306.0 150.5 84.0
217 285.0 149.5 79.0
218 147.0 53.5 22.0
219 161.0 87.5 90.0
220 302.0 172.5 225.0
221 64.0 86.5 1.0
222 211.0 193.5 120.0
223 292.0 225.5 204.0
224 317.0 101.5 53.0
225 256.0 156.5 49.0
226 389.0 170.5 102.0
227 198.0 84.5 59.0
228 106.0 133.5 141.0
229 166.0 138.5 18.0
230 169.0 153.5 225.0
231 231.0 185.5 115.0
232 161.0 114.5 121.0
233 194.0 174.5 223.0
234 164.0 112.5 0.0
235 99.0 132.5 167.0
236 396.0 170.5 140.0
237 60.0 108.5 121.0
238 101.0 103.5 12.0
239 147.0 150.5 102.0
240 344.0 225.5 244.0
241 165.0 71.5 53.0
242 171.0 58.5 23.0
243 189.0 113.5 103.0
244 235.0 110.5 167.0
245 168.0 99.5 141.0
246 235.0 146.5 100.0
247 199.0 107.5 41.0
248 360.0 160.5 90.0
249 29.0 98.5 167.0
250 332.0 184.5 161.0
251 355.0 142.5 36.0
252 358.0 149.5 100.0
253 17.0 85.5 141.0
254 239.0 211.5 204.0
255 362.0 155.5 121.0
256 374.0 157.5 121.0
257 352.0 152.5 204.0
258 391.0 159.5 121.0
259 94.0 129.5 164.0
260 248.0 218.5 167.0
261 142.0 59.5 38.0
262 147.0 147.5 205.0
263 231.0 171.5 228.0
264 246.0 126.5 64.0
265 305.0 139.5 142.0
266 207.0 140.5 41.0
267 294.0 186.5 100.0
268 226.0 177.5 204.0
269 184.0 128.5 182.0
270 81.0 34.5 12.0
271 367.0 113.5 64.0
272 43.0 116.5 115.0
273 254.0 202.5 110.0
274 336.0 142.5 102.0
275 146.0 106.5 0.0
276 214.0 124.5 121.0
277 241.0 106.5 128.0
278 290.0 132.5 102.0
279 195.0 214.5 203.0
280 299.0 152.5 41.0
281 36.0 121.5 223.0
282 273.0 142.5 164.0
283 173.0 135.5 228.0
284 181.0 188.5 152.0
285 324.0 179.5 167.0
286 102.0 144.5 204.0
287 341.0 151.5 121.0
288 304.0 219.5 158.0
289 299.0 149.5 121.0
290 147.0 154.5 86.0
291 116.0 140.5 149.0
292 210.0 160.5 65.0
293 201.0 150.5 107.0
294 158.0 152.5 212.0
295 210.0 205.5 205.0
296 226.0 211.5 229.0
297 103.0 143.5 65.0
298 351.0 155.5 174.0
299 121.0 69.5 75.0
300 178.0 133.5 107.0
301 88.0 176.5 200.0
302 370.0 131.5 10.0
303 81.0 104.5 168.0
304 323.0 111.5 29.0
305 116.0 56.5 75.0
306 167.0 179.5 149.0
307 276.0 122.5 168.0
308 244.0 113.5 86.0
309 363.0 205.5 189.0
310 187.0 185.5 212.0
311 88.0 182.5 174.0
312 106.0 168.5 149.0
313 214.0 179.5 85.0
314 323.0 132.5 24.0
315 64.0 130.5 168.0
316 97.0 106.5 86.0
317 181.0 174.5 85.0
318 14.0 141.5 162.0
319 123.0 158.5 200.0
320 391.0 193.5 148.0
321 245.0 213.5 205.0
322 166.0 117.5 83.0
323 245.0 144.5 200.0
324 159.0 165.5 211.0
325 370.0 176.5 186.0
326 100.0 36.5 25.0
327 393.0 174.5 97.0
328 308.0 160.5 235.0
329 310.0 157.5 192.0
330 150.0 127.5 44.0
331 117.0 103.5 22.0
332 121.0 158.5 189.0
333 376.0 175.5 211.0
334 380.0 178.5 186.0
335 378.0 145.5 85.0
336 178.0 116.5 75.0
337 285.0 186.5 189.0
338 23.0 118.5 122.0
339 112.0 60.5 86.0
340 162.0 198.5 174.0
341 361.0 188.5 29.0
342 329.0 205.5 97.0
343 189.0 163.5 85.0
344 106.0 58.5 86.0
345 370.0 198.5 107.0
346 386.0 137.5 49.0
347 199.0 134.5 189.0
348 181.0 75.5 22.0
349 84.0 141.5 148.0
350 251.0 204.5 138.0
351 245.0 139.5 4.0
352 31.0 144.5 148.0
353 215.0 207.5 211.0
354 109.0 121.5 65.0
355 87.0 102.5 149.0
356 256.0 213.5 211.0
357 272.0 146.5 186.0
358 136.0 99.5 149.0
359 116.0 102.5 65.0
360 220.0 98.5 65.0
361 310.0 186.5 138.0
362 259.0 106.5 75.0
363 368.0 180.5 41.0
364 157.0 93.5 49.0
365 318.0 128.5 44.0
366 350.0 162.5 122.0
367 211.0 94.5 65.0
368 373.0 168.5 125.0
369 6.0 135.5 193.0
370 397.0 182.5 71.0
371 362.0 143.5 47.0
372 44.0 125.5 126.0
373 382.0 161.5 138.0
374 131.0 186.5 169.0
375 161.0 142.5 111.0
376 145.0 174.5 147.0
377 20.0 122.5 132.0
378 154.0 113.5 21.0
379 323.0 178.5 240.0
380 127.0 46.5 24.0
381 200.0 114.5 132.0
382 334.0 164.5 188.0
383 263.0 217.5 186.0
384 348.0 182.5 124.0
385 168.0 162.5 126.0
386 411.0 155.5 46.0
387 138.0 106.5 193.0
388 295.0 136.5 147.0
389 180.0 163.5 187.0
390 305.0 153.5 126.0
391 230.0 148.5 188.0
392 306.0 129.5 125.0
393 345.0 138.5 88.0
394 136.0 133.5 88.0
395 127.0 114.5 211.0
396 181.0 137.5 229.0
397 149.0 124.5 96.0
398 171.0 103.5 147.0
399 317.0 160.5 45.0
400 201.0 145.5 124.0
401 22.0 112.5 150.0
402 327.0 158.5 168.0
403 344.0 164.5 168.0
404 129.0 112.5 169.0
405 355.0 180.5 40.0
406 95.0 154.5 106.0
407 371.0 196.5 132.0
408 148.0 150.5 66.0
409 146.0 104.5 188.0
410 188.0 141.5 46.0
411 344.0 171.5 137.0
412 372.0 173.5 163.0
413 273.0 132.5 150.0
414 326.0 130.5 150.0
415 306.0 120.5 137.0
416 101.0 92.5 101.0
417 121.0 120.5 35.0
418 33.0 107.5 107.0
419 56.0 171.5 193.0
420 132.0 83.5 113.0
421 168.0 149.5 150.0
422 137.0 159.5 209.0
423 371.0 180.5 9.0
424 201.0 82.5 29.0
425 273.0 146.5 150.0
426 166.0 97.5 46.0
427 260.0 117.5 169.0
428 391.0 161.5 132.0
429 181.0 79.5 29.0
430 105.0 78.5 147.0
431 154.0 192.5 193.0
432 79.0 143.5 96.0
433 394.0 142.5 96.0
434 317.0 227.5 168.0
435 379.0 179.5 106.0
436 256.0 129.5 137.0
437 206.0 149.5 132.0
438 137.0 70.5 88.0
439 366.0 196.5 111.0
440 314.0 147.5 76.0
441 168.0 169.5 199.0
442 164.0 181.5 209.0
443 108.0 185.5 194.0
444 91.0 56.5 8.0
445 66.0 154.5 154.0
446 140.0 70.5 30.0
447 198.0 182.5 237.0
448 135.0 157.5 185.0
449 321.0 161.5 95.0
450 353.0 160.5 234.0
451 288.0 169.5 221.0
452 340.0 143.5 57.0
453 77.0 139.5 133.0
454 77.0 38.5 20.0
455 393.0 187.5 27.0
456 210.0 169.5 95.0
457 233.0 121.5 195.0
458 352.0 132.5 133.0
459 38.0 80.5 14.0
460 53.0 113.5 108.0
461 139.0 111.5 123.0
462 18.0 118.5 154.0
463 156.0 89.5 7.0
464 233.0 116.5 154.0
465 35.0 83.5 96.0
466 375.0 137.5 95.0
467 121.0 139.5 197.0
468 309.0 202.5 221.0
469 136.0 97.5 57.0
470 115.0 162.5 133.0
471 283.0 188.5 237.0
472 100.0 186.5 170.0
473 296.0 179.5 88.0
474 252.0 143.5 30.0
475 174.0 147.5 197.0
476 143.0 118.5 216.0
477 228.0 161.5 215.0
478 128.0 134.5 30.0
479 368.0 193.5 215.0
480 296.0 201.5 246.0
481 280.0 166.5 30.0
482 180.0 161.5 94.0
483 184.0 184.5 195.0
484 116.0 179.5 195.0
485 384.0 203.5 154.0
486 33.0 54.5 50.0
487 153.0 148.5 71.0
488 51.0 106.5 30.0
489 100.0 60.5 9.0
490 290.0 151.5 221.0
491 221.0 198.5 234.0
492 313.0 195.5 234.0
493 156.0 201.5 195.0
494 224.0 191.5 197.0
495 364.0 195.5 88.0
496 33.0 88.5 136.0
497 122.0 58.5 45.0
498 57.0 169.5 170.0
499 349.0 175.5 70.0
500 135.0 63.5 45.0
501 25.0 121.5 94.0
502 189.0 80.5 8.0
503 279.0 171.5 57.0
504 293.0 169.5 109.0
505 263.0 146.5 5.0
506 157.0 106.5 94.0
507 389.0 167.5 143.0
508 372.0 212.5 235.0
509 381.0 166.5 143.0
510 171.0 157.5 87.0
511 255.0 141.5 5.0
512 68.0 149.5 109.0
513 191.0 68.5 50.0
514 302.0 106.5 72.0
515 40.0 44.5 44.0
516 106.0 150.5 198.0
517 55.0 50.5 117.0
518 109.0 127.5 81.0
519 333.0 234.5 192.0
520 199.0 89.5 122.0
521 264.0 173.5 81.0
522 122.0 108.5 32.0
523 385.0 156.5 97.0
524 386.0 145.5 131.0
525 393.0 118.5 32.0
526 320.0 142.5 72.0
527 154.0 57.5 56.0
528 241.0 103.5 122.0
529 321.0 113.5 109.0
530 124.0 55.5 10.0
531 349.0 147.5 72.0
532 313.0 123.5 93.0
533 292.0 124.5 93.0
534 344.0 183.5 143.0
535 86.0 75.5 20.0
536 393.0 152.5 50.0
537 291.0 158.5 184.0
538 261.0 217.5 190.0
539 124.0 69.5 32.0
540 69.0 102.5 185.0
541 105.0 59.5 26.0
542 108.0 150.5 184.0
543 144.0 92.5 20.0
544 208.0 108.5 87.0
545 120.0 66.5 26.0
546 336.0 172.5 69.0
547 265.0 128.5 200.0
548 336.0 185.5 222.0
549 374.0 178.5 72.0
550 245.0 138.5 82.0
551 265.0 163.5 69.0
552 121.0 125.5 82.0
553 320.0 137.5 191.0
554 65.0 161.5 179.0
555 71.0 36.5 32.0
556 320.0 115.5 20.0
557 231.0 204.5 236.0
558 184.0 130.5 87.0
559 208.0 99.5 97.0
560 222.0 137.5 143.0
561 281.0 221.5 216.0
562 158.0 110.5 56.0
563 47.0 123.5 185.0
564 152.0 150.5 82.0
565 280.0 93.5 51.0
566 318.0 160.5 191.0
567 177.0 182.5 184.0
568 293.0 132.5 20.0
569 314.0 174.5 82.0
570 378.0 211.5 184.0
571 248.0 218.5 222.0
572 42.0 105.5 133.0
573 244.0 79.5 99.0
574 227.0 86.5 155.0
575 399.0 194.5 238.0
576 272.0 129.5 217.0
577 407.0 186.5 68.0
578 3.0 111.5 155.0
579 25.0 100.5 55.0
580 413.0 165.5 217.0
581 370.0 134.5 155.0
582 146.0 158.5 243.0
583 206.0 181.5 74.0
584 125.0 67.5 160.0
585 409.0 129.5 77.0
586 109.0 20.5 99.0
587 124.0 201.5 179.0
588 302.0 127.5 180.0
589 17.0 57.5 18.0
590 417.0 117.5 74.0
591 391.0 202.5 92.0
592 36.0 53.5 13.0
593 402.0 163.5 119.0
594 14.0 154.5 202.0
595 382.0 113.5 104.0
596 34.0 114.5 232.0
597 24.0 48.5 13.0
598 405.0 165.5 160.0
599 325.0 140.5 207.0
600 77.0 148.5 68.0
601 28.0 41.5 158.0
602 316.0 103.5 129.0
603 214.0 193.5 55.0
604 125.0 156.5 67.0
605 12.0 113.5 52.0
606 87.0 153.5 77.0
607 116.0 37.5 16.0
608 343.0 236.5 136.0
609 42.0 39.5 183.0
610 307.0 230.5 238.0
611 180.0 70.5 6.0
612 233.0 229.5 227.0
613 418.0 144.5 105.0
614 206.0 87.5 144.0
615 66.0 13.5 79.0
616 375.0 109.5 78.0
617 84.0 54.5 169.0
618 170.0 46.5 11.0
619 212.0 211.5 164.0
620 3.0 1.5 40.0
621 147.0 46.5 90.0
622 28.0 111.5 66.0
623 385.0 241.5 214.0
624 416.0 149.5 2.0
625 415.0 132.5 60.0
626 298.0 89.5 105.0
627 419.0 189.5 176.0
628 393.0 217.5 101.0
629 58.0 179.5 142.0
630 104.0 59.5 156.0
631 401.0 209.5 121.0
632 254.0 215.5 240.0
633 400.0 205.5 0.0
634 156.0 80.5 167.0
635 329.0 228.5 76.0
636 25.0 61.5 40.0
637 270.0 219.5 240.0
638 364.0 185.5 0.0
639 160.0 180.5 79.0
640 409.0 127.5 59.0
641 14.0 30.5 141.0
642 360.0 105.5 17.0
643 19.0 24.5 60.0
644 150.0 137.5 12.0
645 262.0 143.5 248.0
646 323.0 127.5 166.0
647 241.0 88.5 126.0
648 415.0 113.5 17.0
649 410.0 161.5 146.0
650 139.0 145.5 23.0
651 415.0 229.5 244.0
652 82.0 112.5 0.0
653 157.0 151.5 249.0
654 114.0 21.5 64.0
655 12.0 25.5 104.0
656 144.0 197.5 244.0
657 401.0 138.5 103.0
658 61.0 33.5 83.0
659 167.0 65.5 0.0
660 240.0 218.5 167.0
661 7.0 78.5 23.0
662 251.0 218.5 146.0
663 228.0 199.5 110.0
664 6.0 86.5 182.0
665 122.0 43.5 75.0
666 221.0 85.5 110.0
667 199.0 127.5 230.0
668 209.0 203.5 127.0
669 13.0 134.5 213.0
670 418.0 207.5 148.0
671 175.0 184.5 241.0
672 405.0 185.5 47.0
673 399.0 221.5 125.0
674 61.0 49.5 149.0
675 56.0 41.5 168.0
676 82.0 144.5 241.0
677 261.0 222.5 102.0
678 335.0 110.5 126.0
679 147.0 194.5 240.0
680 383.0 128.5 132.0
681 249.0 63.5 27.0
682 353.0 86.5 28.0
683 1.0 92.5 106.0
684 57.0 38.5 101.0
685 418.0 188.5 46.0
686 410.0 145.5 88.0
687 398.0 203.5 169.0
688 24.0 132.5 101.0
689 137.0 55.5 3.0
690 26.0 61.5 21.0
691 251.0 92.5 125.0
692 21.0 123.5 229.0
693 251.0 112.5 169.0
694 46.0 44.5 125.0
695 130.0 144.5 28.0
696 29.0 20.5 47.0
697 397.0 202.5 9.0
698 171.0 155.5 250.0
699 409.0 156.5 95.0
700 111.0 195.5 194.0
701 236.0 201.5 118.0
702 26.0 84.5 30.0
703 110.0 175.5 123.0
704 223.0 114.5 209.0
705 8.0 109.5 70.0
706 382.0 103.5 7.0
707 205.0 192.5 94.0
708 174.0 41.5 35.0
709 206.0 57.5 20.0
710 199.0 46.5 45.0
711 29.0 52.5 92.0
712 0.0 106.5 95.0
713 67.0 4.5 96.0
714 157.0 152.5 27.0
715 194.0 87.5 184.0
716 407.0 172.5 20.0
717 349.0 157.5 246.0
718 189.0 192.5 87.0
719 396.0 147.5 131.0
720 3.0 87.5 135.0
721 123.0 121.5 236.0
722 164.0 142.5 8.0
723 27.0 25.5 74.0
724 4.0 95.5 200.0
725 252.0 123.5 200.0
726 143.0 88.5 174.0
727 252.0 74.5 51.0
728 294.0 144.5 237.0
729 85.0 125.5 20.0
730 150.0 117.5 237.0
731 12.0 11.5 44.0
732 4.0 159.5 173.0
733 420.0 139.0 30.3
734 420.0 147.5 111.4
735 420.0 146.3 84.9
736 420.0 152.2 134.4
737 382.9 104.4 0.0
738 420.0 155.3 174.0
739 0.0 55.1 156.7
740 392.8 97.0 0.0
741 0.0 32.0 63.2
742 0.0 33.1 44.7
743 367.4 115.8 0.0
744 0.0 0.0 20.2
745 0.0 50.6 104.7
746 193.1 77.6 0.0
747 93.2 57.8 0.0
748 68.0 49.3 0.0
749 420.0 174.3 162.3
750 414.8 147.6 0.0
751 237.8 81.9 0.0
752 0.0 59.2 127.2
753 420.0 177.2 235.1
754 160.7 107.5 250.0
755 420.0 189.1 136.6
756 343.3 167.5 250.0
757 143.2 69.3 0.0
758 420.0 217.6 171.6
759 420.0 186.0 207.5
760 420.0 206.3 21.3
761 0.0 64.0 89.6
762 0.0 83.9 133.7
763 420.0 208.9 149.4
764 381.8 180.0 0.0
765 420.0 196.8 154.3
766 111.2 133.3 250.0
767 0.0 46.4 36.7
768 0.0 114.0 128.6
769 420.0 193.3 76.2
770 420.0 207.7 212.1
771 0.0 139.8 140.5
772 351.6 180.8 0.0
773 420.0 224.7 233.4
774 213.5 215.0 250.0
775 0.0 65.0 52.0
776 0.0 135.0 156.4
777 0.0 83.5 182.0
778 358.9 194.4 250.0
779 0.0 135.7 172.4
780 346.5 224.9 250.0
781 0.0 158.5 172.3
782 0.0 83.2 210.2
783 60.3 85.4 0.0
784 0.0 92.0 88.6
785 87.7 94.0 0.0
786 315.3 165.9 0.0
787 189.3 123.2 0.0
788 185.8 120.5 0.0
789 226.8 93.0 0.0
790 315.0 113.3 0.0
791 305.6 114.0 0.0
792 187.5 79.0 0.0
793 184.7 75.8 0.0
794 186.3 78.1 0.0
795 231.3 93.7 0.0
796 420.0 180.8 97.0
797 420.0 182.0 98.3
798 420.0 216.2 192.3
799 404.7 136.3 0.0
800 0.0 56.3 72.6
801 165.5 65.9 0.0
802 165.5 64.0 0.0
803 402.6 135.9 0.0
804 420.0 171.2 75.3
805 420.0 174.5 83.5
806 420.0 217.9 193.7
807 420.0 161.0 50.8
808 0.0 59.5 99.1
809 0.0 87.1 135.4
810 0.0 89.1 135.2
811 0.0 89.7 138.8
812 318.3 206.2 250.0
813 0.0 83.3 59.2
814 0.0 84.6 53.9
815 282.5 173.2 250.0
816 336.2 221.3 250.0
817 239.0 164.8 250.0
818 251.4 168.3 250.0
819 130.9 118.2 0.0
820 207.2 167.7 250.0
821 136.8 112.8 0.0
822 114.0 108.0 0.0
823 307.3 177.1 250.0
1	Number of boundary nodes with known flow or pressure boundary condition
Node Bctype Press/Flow
623 2 57.092091
